1:ItNr	2:Metric	3:StepSize	4:||Gradient||	Time[ms]
0	-0.255163	627.201626	0.008899	1757.2
1	-0.087685	623.504937	0.008344	3.0
2	-0.404988	619.865785	0.006647	2.9
3	-0.082886	616.282728	0.012215	3.0
4	-0.181986	612.754375	0.009585	3.3
5	-0.179815	609.279381	0.006890	3.6
6	-0.027916	605.856447	0.005020	3.4
7	-0.110204	602.484317	0.013227	3.6
8	-0.056340	599.161779	0.005498	3.6
9	-0.107774	595.887656	0.013650	4.5
10	-0.124387	592.660813	0.007811	4.4
11	-0.079600	589.480151	0.005136	2.7
12	-0.164130	586.344606	0.005735	2.8
13	-0.090521	583.253145	0.011518	3.3
14	-0.321128	580.204771	0.008879	3.2
15	-0.036704	577.198517	0.007872	2.7
16	-0.072237	574.233444	0.011333	2.9
17	-0.271224	571.308645	0.006707	2.5
18	-0.020280	568.423237	0.004653	2.9
19	-0.096572	565.576365	0.014690	3.2
20	-0.175870	562.767201	0.007502	2.7
21	-0.007457	559.994938	0.002725	3.0
22	-0.061458	557.258797	0.002865	2.7
23	-0.217834	554.558018	0.004482	2.7
24	-0.525882	551.891865	0.010708	3.1
25	-0.475041	549.259621	0.006787	2.8
26	-0.043234	546.660592	0.007579	2.5
27	-0.295378	544.094102	0.011809	2.6
28	-0.335083	541.559494	0.007227	2.6
29	-0.221650	539.056129	0.008352	2.9
30	-0.003304	536.583387	0.001035	3.0
31	-0.111763	534.140663	0.011147	2.7
32	-0.026061	531.727370	0.006867	2.4
33	-0.432881	529.342935	0.005762	2.5
34	-0.354128	526.986802	0.007233	2.6
35	-0.049850	524.658430	0.006717	2.6
36	-0.334504	522.357290	0.009391	3.1
37	-0.044150	520.082868	0.008201	2.7
38	-0.037297	517.834665	0.007852	2.4
39	-0.045320	515.612193	0.007309	2.5
40	-0.075435	513.414976	0.009397	2.5
41	-0.358860	511.242551	0.007885	2.5
42	-0.076081	509.094468	0.003664	3.1
43	-0.301148	506.970285	0.005054	2.6
44	-0.067900	504.869574	0.009011	2.5
45	-0.529137	502.791916	0.009898	2.5
46	-0.234342	500.736903	0.006777	2.5
47	-0.358993	498.704137	0.011016	2.5
48	-0.319373	496.693228	0.006967	3.1
49	-0.014391	494.703798	0.002557	2.6
50	-0.032201	492.735476	0.006066	2.5
51	-0.110114	490.787900	0.009119	2.6
52	-0.066637	488.860718	0.009079	2.4
53	-0.169519	486.953585	0.007092	2.6
54	-0.064581	485.066164	0.007641	2.7
55	-0.323326	483.198126	0.010204	3.3
56	-0.010656	481.349149	0.002766	3.0
57	-0.051873	479.518920	0.001762	3.1
58	-0.302536	477.707132	0.008269	2.9
59	-0.256028	475.913485	0.005445	3.0
60	-0.084540	474.137684	0.009974	3.4
61	-0.085867	472.379445	0.013674	2.7
62	-0.421308	470.638485	0.009285	2.5
63	-0.018945	468.914531	0.003691	2.6
64	-0.033474	467.207315	0.007380	2.5
65	-0.075470	465.516573	0.002426	2.7
66	-0.181805	463.842050	0.008261	2.9
67	-0.059667	462.183494	0.006651	2.6
68	-0.017415	460.540658	0.005464	2.5
69	-0.066693	458.913303	0.005232	2.6
70	-0.041519	457.301192	0.007254	2.7
71	-0.010845	455.704096	0.001041	2.8
72	-0.069074	454.121787	0.012381	2.9
73	-0.126839	452.554045	0.012193	3.2
74	-0.098872	451.000653	0.012714	2.5
75	-0.034013	449.461399	0.005730	2.5
76	-0.128369	447.936075	0.013369	2.5
77	-0.047283	446.424477	0.006427	2.9
78	-0.094999	444.926406	0.012813	2.8
79	-0.195130	443.441666	0.006230	2.7
80	-0.398011	441.970065	0.009369	2.7
81	-0.261162	440.511415	0.007117	2.7
82	-0.099562	439.065533	0.009951	2.8
83	-0.057357	437.632238	0.008709	3.6
84	-0.084051	436.211351	0.005676	2.6
85	-0.401242	434.802701	0.007809	2.7
86	-0.069853	433.406117	0.005811	2.7
87	-0.085953	432.021430	0.008530	2.6
88	-0.171817	430.648479	0.009016	2.6
89	-0.366435	429.287101	0.012999	3.2
90	-0.017460	427.937140	0.004358	2.7
91	-0.113129	426.598440	0.016446	2.7
92	-0.072111	425.270849	0.010631	2.5
93	-0.502793	423.954220	0.008471	2.5
94	-0.045133	422.648404	0.006446	2.5
95	-0.129535	421.353259	0.006625	3.2
96	-0.168926	420.068643	0.010360	2.7
97	-0.353825	418.794419	0.011662	3.4
98	-0.095072	417.530451	0.008307	2.9
99	-0.076084	416.276604	0.013820	3.0
100	-0.249188	415.032748	0.005893	3.7
101	-0.057583	413.798754	0.011122	2.8
102	-0.039050	412.574495	0.001645	2.7
103	-0.303926	411.359849	0.005359	2.4
104	-0.550368	410.154691	0.011318	2.4
105	-0.008965	408.958904	0.003507	2.5
106	-0.010152	407.772368	0.002248	2.9
107	-0.033784	406.594968	0.003116	3.0
108	-0.135744	405.426590	0.006199	2.5
109	-0.076998	404.267122	0.009869	2.5
110	-0.067302	403.116456	0.004267	2.6
111	-0.036179	401.974481	0.002102	2.5
112	-0.397220	400.841093	0.011484	2.9
113	-0.115359	399.716187	0.004430	3.3
114	-0.308181	398.599660	0.007336	3.5
115	-0.556074	397.491411	0.014758	2.6
116	-0.364073	396.391342	0.006987	2.5
117	-0.026603	395.299353	0.006228	2.6
118	-0.470946	394.215350	0.014210	2.9
119	-0.047180	393.139238	0.007392	3.0
120	-0.429764	392.070924	0.006955	2.5
121	-0.124769	391.010316	0.004108	2.4
122	-0.011719	389.957325	0.002309	2.5
123	-0.093259	388.911862	0.014121	2.6
124	-0.090507	387.873839	0.013390	2.7
125	-0.007449	386.843173	0.002658	3.0
126	-0.175468	385.819777	0.003436	2.5
127	-0.232054	384.803569	0.004533	2.5
128	-0.262833	383.794468	0.006530	2.9
129	-0.221011	382.792393	0.010236	2.6
130	-0.184850	381.797264	0.005693	2.5
131	-0.181544	380.809005	0.012997	3.1
132	-0.297336	379.827537	0.006444	2.6
133	-0.321069	378.852786	0.010233	2.7
134	-0.192859	377.884678	0.008766	2.7
135	-0.201926	376.923138	0.005466	2.7
136	-0.005902	375.968095	0.001575	2.7
137	-0.297584	375.019479	0.005621	3.3
138	-0.010827	374.077218	0.001474	2.6
139	-0.005037	373.141244	0.001672	2.7
140	-0.192737	372.211489	0.004072	2.7
141	-0.047645	371.287887	0.008746	2.7
142	-0.079693	370.370370	0.009067	2.8
143	-0.049966	369.458876	0.008240	3.0
144	-0.021958	368.553338	0.005949	2.9
145	-0.270938	367.653696	0.008694	2.8
146	-0.016100	366.759885	0.001600	2.7
147	-0.428946	365.871846	0.010155	2.7
148	-0.387212	364.989518	0.005817	2.8
149	-0.125370	364.112841	0.005602	3.1
150	-0.021161	363.241757	0.002269	2.8
151	-0.111236	362.376208	0.003914	2.7
152	-0.122278	361.516137	0.005578	2.7
153	-0.073212	360.661488	0.009434	2.8
154	-0.005285	359.812206	0.003602	2.9
155	-0.585538	358.968236	0.011524	3.1
156	-0.043297	358.129524	0.005001	2.7
157	-0.045199	357.296018	0.009583	2.8
158	-0.401972	356.467665	0.008762	2.7
159	-0.019539	355.644414	0.002181	2.8
160	-0.186917	354.826213	0.015816	3.4
161	-0.016229	354.013012	0.001573	3.2
162	-0.068374	353.204763	0.009893	2.7
163	-0.592145	352.401415	0.008971	2.8
164	-0.075057	351.602922	0.009793	2.8
165	-0.497132	350.809235	0.013487	3.0
166	-0.404925	350.020308	0.005705	3.2
167	-0.088423	349.236095	0.006514	2.9
168	-0.379706	348.456550	0.003722	2.8
169	-0.194490	347.681627	0.005691	2.7
170	-0.088525	346.911283	0.006255	3.1
171	-0.404366	346.145474	0.009703	3.6
172	-0.027737	345.384157	0.002752	3.1
173	-0.053384	344.627288	0.009203	3.0
174	-0.012232	343.874826	0.003263	3.0
175	-0.055308	343.126729	0.007735	3.3
176	-0.213382	342.382957	0.002815	3.4
177	-0.003154	341.643469	0.000797	3.9
178	-0.011759	340.908224	0.001357	2.8
179	-0.049755	340.177184	0.004828	2.8
180	-0.002207	339.450309	0.000835	2.9
181	-0.025302	338.727561	0.001650	3.2
182	-0.076325	338.008902	0.011243	3.2
183	-0.082103	337.294295	0.014469	2.7
184	-0.094440	336.583703	0.004906	2.9
185	-0.132709	335.877089	0.009489	2.9
186	-0.470121	335.174416	0.008604	2.8
187	-0.030121	334.475651	0.004309	3.1
188	-0.411629	333.780756	0.009788	3.6
189	-0.103823	333.089698	0.004638	2.7
190	-0.025332	332.402443	0.003457	2.7
191	-0.249742	331.718955	0.003960	2.8
192	-0.297887	331.039203	0.009103	2.7
193	-0.013818	330.363153	0.003135	4.6
194	-0.156805	329.690771	0.005580	24.9
195	-0.032655	329.022027	0.002142	11.6
196	-0.143091	328.356888	0.007634	7.7
197	-0.298710	327.695322	0.010262	5.8
198	-0.276298	327.037299	0.003602	3.1
199	-0.072627	326.382787	0.012802	2.7
200	-0.286799	325.731758	0.004445	2.7
201	-0.356683	325.084179	0.008047	2.8
202	-0.053481	324.440023	0.011325	3.2
203	-0.233584	323.799258	0.013300	2.9
204	-0.018704	323.161858	0.006328	2.7
205	-0.049019	322.527792	0.007493	2.7
206	-0.134317	321.897034	0.011466	2.8
207	-0.435109	321.269554	0.011657	2.7
208	-0.242101	320.645325	0.002181	3.4
209	-0.025940	320.024320	0.002051	2.8
210	-0.098587	319.406512	0.010174	2.6
211	-0.057521	318.791875	0.004776	2.7
212	-0.102669	318.180381	0.004530	2.8
213	-0.303309	317.572005	0.004554	2.7
214	-0.471513	316.966721	0.007201	3.2
215	-0.152394	316.364504	0.006414	2.8
216	-0.456336	315.765329	0.010669	2.6
217	-0.255420	315.169170	0.003463	2.8
218	-0.342195	314.576003	0.005909	2.7
219	-0.186084	313.985804	0.005995	2.8
220	-0.002512	313.398548	0.000709	3.2
221	-0.088477	312.814213	0.006796	2.7
222	-0.403003	312.232773	0.009800	2.8
223	-0.323821	311.654207	0.008555	2.8
224	-0.202549	311.078491	0.008480	2.7
225	-0.070650	310.505602	0.007037	3.0
226	-0.412208	309.935518	0.007140	3.2
227	-0.026908	309.368217	0.002005	3.3
228	-0.010362	308.803676	0.004581	3.3
229	-0.006477	308.241874	0.001897	3.0
230	-0.062591	307.682789	0.009822	3.3
231	-0.045615	307.126400	0.008341	3.3
232	-0.283736	306.572687	0.008042	3.5
233	-0.010009	306.021627	0.002347	3.4
234	-0.363152	305.473201	0.008778	2.7
235	-0.425347	304.927388	0.013994	2.8
236	-0.021717	304.384168	0.005564	3.2
237	-0.398237	303.843521	0.007799	2.7
238	-0.451377	303.305427	0.008806	2.8
239	-0.082505	302.769867	0.013768	2.7
240	-0.075990	302.236821	0.010022	2.7
241	-0.562950	301.706270	0.009578	3.0
242	-0.431104	301.178196	0.011140	3.7
243	-0.032172	300.652580	0.006407	2.8
244	-0.005206	300.129402	0.001082	2.8
245	-0.130370	299.608645	0.005172	2.8
246	-0.095702	299.090291	0.012137	2.9
247	-0.122672	298.574321	0.004794	3.3
248	-0.004660	298.060718	0.001286	2.8
249	-0.227003	297.549465	0.007261	3.0
250	-0.111595	297.040543	0.008815	2.8
251	-0.211443	296.533936	0.004745	2.8
252	-0.078856	296.029626	0.012077	3.1
253	-0.015576	295.527597	0.004021	3.1
254	-0.063341	295.027832	0.007067	2.8
255	-0.491186	294.530315	0.009504	2.8
256	-0.062307	294.035028	0.006440	2.8
257	-0.451210	293.541956	0.008532	2.9
258	-0.502714	293.051083	0.008797	3.4
259	-0.054467	292.562393	0.004598	3.0
260	-0.157036	292.075870	0.001300	2.9
261	-0.395700	291.591498	0.010216	2.9
262	-0.040236	291.109263	0.003900	3.4
263	-0.060004	290.629149	0.010003	3.4
264	-0.069515	290.151140	0.003499	3.5
265	-0.143566	289.675222	0.012665	3.1
266	-0.129998	289.201380	0.008302	3.0
267	-0.365616	288.729600	0.009297	2.9
268	-0.041389	288.259866	0.005768	2.6
269	-0.329717	287.792165	0.011017	3.3
270	-0.064296	287.326481	0.011049	2.9
271	-0.002991	286.862802	0.000955	2.7
272	-0.047495	286.401113	0.003705	2.6
273	-0.010027	285.941400	0.002643	2.7
274	-0.080427	285.483649	0.005291	2.8
275	-0.048325	285.027847	0.008501	3.2
276	-0.308692	284.573981	0.005150	2.8
277	-0.115467	284.122037	0.008336	2.7
278	-0.065707	283.672002	0.009542	2.6
279	-0.431444	283.223863	0.005415	2.6
280	-0.012580	282.777607	0.001469	2.8
281	-0.497401	282.333221	0.005664	3.2
282	-0.151184	281.890692	0.008404	2.7
283	-0.034583	281.450008	0.002360	2.5
284	-0.095474	281.011157	0.004606	2.6
285	-0.155214	280.574125	0.005811	2.5
286	-0.013791	280.138901	0.004108	2.7
287	-0.228105	279.705473	0.005690	3.0
288	-0.014110	279.273829	0.003333	2.6
289	-0.065925	278.843956	0.010991	2.5
290	-0.426736	278.415844	0.010889	2.5
291	-0.031616	277.989479	0.008561	2.5
292	-0.409154	277.564851	0.011398	2.6
293	-0.072714	277.141949	0.011398	3.1
294	-0.179212	276.720761	0.005976	2.8
295	-0.319986	276.301275	0.011176	2.6
296	-0.025532	275.883480	0.005557	2.6
297	-0.489564	275.467366	0.010936	2.8
298	-0.036546	275.052922	0.008376	2.8
299	-0.160631	274.640136	0.005840	3.1
300	-0.077994	274.228998	0.009862	2.7
301	-0.069335	273.819497	0.004542	2.5
302	-0.053416	273.411623	0.004030	2.5
303	-0.070559	273.005365	0.003615	2.6
304	-0.384614	272.600712	0.006361	2.5
305	-0.010710	272.197655	0.001819	3.4
306	-0.097344	271.796184	0.008528	3.4
307	-0.204816	271.396287	0.006333	3.0
308	-0.242614	270.997956	0.007425	4.1
309	-0.312125	270.601180	0.005578	3.1
310	-0.343242	270.205949	0.011514	3.6
311	-0.261990	269.812254	0.008574	2.7
312	-0.009564	269.420085	0.003787	2.5
313	-0.436645	269.029432	0.006459	2.6
314	-0.452906	268.640287	0.012758	2.5
315	-0.074292	268.252638	0.012236	2.7
316	-0.009745	267.866478	0.002224	3.1
317	-0.007204	267.481796	0.001998	2.7
318	-0.049851	267.098584	0.005978	2.7
319	-0.007987	266.716833	0.003596	2.7
320	-0.270852	266.336533	0.004997	2.8
321	-0.342402	265.957676	0.007077	2.8
322	-0.338715	265.580253	0.008735	3.1
323	-0.264229	265.204254	0.013369	2.7
324	-0.400200	264.829672	0.006575	2.4
325	-0.009216	264.456497	0.001908	2.5
326	-0.329975	264.084721	0.006336	2.5
327	-0.027816	263.714335	0.005080	2.4
328	-0.534594	263.345332	0.008703	3.0
329	-0.009954	262.977702	0.001393	2.7
330	-0.330295	262.611438	0.009527	2.4
331	-0.080202	262.246531	0.011911	2.6
332	-0.015580	261.882973	0.002074	2.5
333	-0.084493	261.520756	0.012921	2.6
334	-0.336341	261.159871	0.007908	2.8
335	-0.018289	260.800312	0.003438	3.1
336	-0.010918	260.442070	0.003108	2.7
337	-0.031826	260.085137	0.005067	2.5
338	-0.010481	259.729505	0.004352	2.6
339	-0.121091	259.375167	0.004913	2.5
340	-0.018320	259.022116	0.002599	2.6
341	-0.015351	258.670343	0.003345	3.1
342	-0.312103	258.319841	0.008663	2.9
343	-0.010562	257.970602	0.002115	2.5
344	-0.323481	257.622620	0.007618	2.6
345	-0.015790	257.275887	0.005345	2.7
346	-0.284603	256.930396	0.011362	2.9
347	-0.058806	256.586139	0.005242	3.1
348	-0.510215	256.243109	0.008108	2.6
349	-0.132401	255.901300	0.002979	2.6
350	-0.041964	255.560703	0.006460	2.6
351	-0.029104	255.221313	0.005373	2.6
352	-0.217553	254.883122	0.004183	3.0
353	-0.025467	254.546124	0.004278	2.9
354	-0.055316	254.210311	0.004182	2.6
355	-0.227942	253.875677	0.002379	2.7
356	-0.211609	253.542215	0.002607	2.7
357	-0.084510	253.209918	0.013614	2.7
358	-0.014105	252.878781	0.004176	3.0
359	-0.391529	252.548795	0.012755	3.1
360	-0.048426	252.219956	0.007620	2.7
361	-0.026116	251.892255	0.005338	2.5
362	-0.061602	251.565688	0.009503	2.8
363	-0.095812	251.240247	0.005298	2.8
364	-0.251126	250.915926	0.006634	2.9
365	-0.161672	250.592720	0.010286	3.4
366	-0.085134	250.270621	0.012775	2.9
367	-0.088211	249.949624	0.008307	2.8
368	-0.056137	249.629723	0.007129	2.7
369	-0.028643	249.310911	0.003814	3.2
370	-0.382621	248.993182	0.008561	4.0
371	-0.012820	248.676531	0.003185	3.0
372	-0.332921	248.360952	0.004611	3.1
373	-0.068589	248.046438	0.009063	2.8
374	-0.270897	247.732984	0.005837	2.5
375	-0.017407	247.420584	0.004602	2.8
376	-0.349182	247.109233	0.009783	2.8
377	-0.434663	246.798924	0.006514	2.7
378	-0.011235	246.489652	0.003141	2.6
379	-0.390326	246.181412	0.006407	2.5
380	-0.002904	245.874197	0.001304	2.6
381	-0.132395	245.568002	0.005989	2.6
382	-0.154566	245.262822	0.009531	3.1
383	-0.451064	244.958652	0.006979	2.5
384	-0.200800	244.655485	0.006573	2.7
385	-0.052231	244.353317	0.006067	2.5
386	-0.439060	244.052142	0.014232	2.5
387	-0.092621	243.751955	0.012895	2.6
388	-0.270449	243.452750	0.003890	3.0
389	-0.540061	243.154523	0.008463	2.7
390	-0.045891	242.857268	0.006997	2.8
391	-0.238312	242.560980	0.006172	2.7
392	-0.035553	242.265654	0.006374	2.5
393	-0.074179	241.971285	0.008938	2.5
394	-0.003862	241.677868	0.002200	3.1
395	-0.142592	241.385397	0.005575	2.5
396	-0.255596	241.093869	0.005108	2.5
397	-0.376210	240.803278	0.004966	2.8
398	-0.189451	240.513619	0.012203	2.5
399	-0.294353	240.224887	0.007918	2.5
400	-0.129223	239.937077	0.007996	3.0
401	-0.560412	239.650186	0.007509	2.6
402	-0.368086	239.364207	0.008808	2.5
403	-0.591869	239.079136	0.011101	2.6
404	-0.281629	238.794969	0.009571	2.6
405	-0.011058	238.511701	0.001794	2.6
406	-0.015526	238.229327	0.002994	2.7
407	-0.130355	237.947843	0.012694	3.0
408	-0.123719	237.667244	0.008936	2.5
409	-0.065625	237.387526	0.011982	2.6
410	-0.037783	237.108684	0.005181	2.5
411	-0.096810	236.830714	0.001822	2.9
412	-0.239168	236.553610	0.006647	2.7
413	-0.042476	236.277370	0.005042	3.2
414	-0.120701	236.001989	0.007230	2.7
415	-0.225970	235.727461	0.004601	2.9
416	-0.057608	235.453784	0.010932	2.7
417	-0.012697	235.180952	0.004957	2.8
418	-0.101312	234.908962	0.009087	3.8
419	-0.012174	234.637809	0.005360	2.8
420	-0.015996	234.367488	0.001730	2.8
421	-0.008242	234.097997	0.002771	3.1
422	-0.242662	233.829331	0.004515	3.1
423	-0.259531	233.561485	0.005296	3.5
424	-0.072037	233.294456	0.012162	3.4
425	-0.018927	233.028239	0.002090	2.8
426	-0.011943	232.762831	0.005022	2.8
427	-0.398620	232.498228	0.005308	2.9
428	-0.002982	232.234425	0.001618	2.9
429	-0.077416	231.971419	0.010528	3.4
430	-0.214949	231.709205	0.005512	2.8
431	-0.007649	231.447781	0.002943	3.0
432	-0.005636	231.187141	0.001612	3.4
433	-0.620533	230.927283	0.010054	3.0
434	-0.199706	230.668202	0.005278	3.8
435	-0.305452	230.409895	0.006818	3.0
436	-0.454751	230.152358	0.010545	2.8
437	-0.343560	229.895587	0.012485	2.8
438	-0.011350	229.639578	0.003927	2.7
439	-0.072693	229.384329	0.006835	3.1
440	-0.208673	229.129834	0.006344	3.1
441	-0.112965	228.876091	0.003972	2.8
442	-0.202395	228.623096	0.003309	3.0
443	-0.108725	228.370846	0.006345	2.7
444	-0.609562	228.119336	0.011730	2.6
445	-0.104610	227.868563	0.016116	3.4
446	-0.006178	227.618525	0.001976	2.9
447	-0.091145	227.369216	0.010122	2.9
448	-0.345680	227.120635	0.011698	2.8
449	-0.299811	226.872777	0.005902	2.8
450	-0.247334	226.625638	0.009126	3.1
451	-0.091688	226.379217	0.003268	3.3
452	-0.381555	226.133509	0.014912	2.8
453	-0.406234	225.888510	0.006565	2.9
454	-0.518786	225.644218	0.008762	2.8
455	-0.309267	225.400630	0.005008	2.8
456	-0.209857	225.157741	0.006752	3.1
457	-0.456151	224.915549	0.011418	3.1
458	-0.394871	224.674051	0.005415	13.6
459	-0.065349	224.433242	0.012272	11.1
460	-0.114564	224.193121	0.011390	3.6
461	-0.217333	223.953684	0.007094	5.4
462	-0.054635	223.714927	0.005770	5.4
463	-0.017347	223.476848	0.004816	2.9
464	-0.054984	223.239444	0.007634	3.1
465	-0.016429	223.002710	0.004268	3.0
466	-0.079839	222.766645	0.011299	2.7
467	-0.063216	222.531245	0.011584	2.7
468	-0.064722	222.296508	0.011321	2.7
469	-0.364391	222.062429	0.004703	2.8
470	-0.065223	221.829007	0.004947	3.3
471	-0.026786	221.596238	0.005130	2.7
472	-0.396639	221.364119	0.007309	2.8
473	-0.462842	221.132647	0.009741	2.7
474	-0.015805	220.901820	0.005119	2.8
475	-0.411651	220.671634	0.008015	3.3
476	-0.008110	220.442086	0.003242	2.6
477	-0.100176	220.213174	0.005232	2.8
478	-0.170786	219.984895	0.005332	2.8
479	-0.081012	219.757246	0.012273	2.9
480	-0.026142	219.530224	0.004125	3.1
481	-0.055479	219.303826	0.003221	4.2
482	-0.332836	219.078050	0.008924	3.5
483	-0.301511	218.852893	0.007259	3.5
484	-0.063663	218.628352	0.003347	3.4
485	-0.035741	218.404424	0.002898	4.1
486	-0.126721	218.181106	0.007720	3.3
487	-0.337882	217.958397	0.006212	3.4
488	-0.362295	217.736292	0.009427	2.9
489	-0.030213	217.514790	0.003546	3.2
490	-0.003991	217.293888	0.001580	3.1
491	-0.060899	217.073584	0.010971	3.3
492	-0.698978	216.853873	0.010116	3.2
493	-0.660541	216.634755	0.009409	2.8
494	-0.038984	216.416227	0.007177	2.9
495	-0.335669	216.198285	0.011521	3.4
496	-0.308610	215.980927	0.005777	3.9
497	-0.228801	215.764151	0.004774	3.0
498	-0.405350	215.547955	0.005091	2.8
499	-0.249425	215.332335	0.007714	3.1
500	-0.048304	215.117289	0.005881	3.2
501	-0.052339	214.902815	0.011230	3.0
502	-0.092327	214.688911	0.013619	2.7
503	-0.082039	214.475573	0.008903	2.4
504	-0.245059	214.262800	0.006332	2.5
505	-0.013000	214.050588	0.001836	2.4
506	-0.015979	213.838936	0.003891	2.5
507	-0.211636	213.627842	0.007836	2.9
508	-0.042182	213.417302	0.005252	2.7
509	-0.431233	213.207314	0.007413	2.5
510	-0.055328	212.997877	0.003773	2.5
511	-0.036896	212.788987	0.007770	2.5
512	-0.107831	212.580642	0.012879	2.5
513	-0.050564	212.372841	0.008643	2.7
514	-0.216102	212.165581	0.002903	3.0
515	-0.267861	211.958859	0.005362	2.5
516	-0.041610	211.752673	0.005672	2.5
517	-0.069358	211.547021	0.007744	2.6
518	-0.359865	211.341902	0.003578	2.4
519	-0.143751	211.137311	0.005004	2.6
520	-0.072469	210.933248	0.012240	3.0
521	-0.503780	210.729710	0.008584	2.5
522	-0.108806	210.526695	0.007939	2.4
523	-0.003078	210.324200	0.000757	2.5
524	-0.040211	210.122224	0.002294	2.5
525	-0.020399	209.920765	0.003920	2.5
526	-0.006147	209.719820	0.001103	2.9
527	-0.071729	209.519387	0.003847	2.6
528	-0.185644	209.319463	0.002512	2.5
529	-0.007819	209.120048	0.001962	2.4
530	-0.005192	208.921139	0.001193	2.6
531	-0.161864	208.722733	0.004351	2.4
532	-0.282346	208.524829	0.004935	2.5
533	-0.174841	208.327425	0.004762	3.0
534	-0.050766	208.130518	0.007110	2.5
535	-0.507439	207.934107	0.006651	2.6
536	-0.541374	207.738189	0.007347	2.6
537	-0.058236	207.542762	0.007974	2.5
538	-0.039445	207.347825	0.008264	2.5
539	-0.125282	207.153376	0.008804	3.1
540	-0.393733	206.959412	0.006122	2.6
541	-0.084477	206.765932	0.011836	2.5
542	-0.250389	206.572933	0.006887	2.6
543	-0.445596	206.380414	0.006113	2.5
544	-0.239816	206.188373	0.005058	2.6
545	-0.082267	205.996807	0.012937	3.2
546	-0.256497	205.805716	0.005741	2.7
547	-0.341921	205.615096	0.004248	2.5
548	-0.003991	205.424946	0.001202	2.7
549	-0.011455	205.235265	0.004058	2.7
550	-0.048435	205.046050	0.007731	2.6
551	-0.023458	204.857299	0.003235	3.2
552	-0.015541	204.669011	0.001539	2.6
553	-0.054058	204.481184	0.006623	2.7
554	-0.003680	204.293816	0.001375	2.7
555	-0.198176	204.106905	0.005711	2.7
556	-0.222763	203.920449	0.012508	2.7
557	-0.041462	203.734447	0.007115	3.1
558	-0.293894	203.548896	0.010218	2.7
559	-0.505682	203.363795	0.009057	2.5
560	-0.034658	203.179143	0.006487	2.6
561	-0.188753	202.994937	0.004090	2.5
562	-0.025468	202.811176	0.002931	2.6
563	-0.039436	202.627857	0.010190	2.8
564	-0.005623	202.444980	0.001900	3.0
565	-0.273983	202.262543	0.009005	2.8
566	-0.019732	202.080543	0.002227	2.7
567	-0.022346	201.898979	0.004873	2.8
568	-0.310110	201.717849	0.006945	2.9
569	-0.080191	201.537153	0.013861	3.6
570	-0.032184	201.356887	0.006543	2.8
571	-0.082269	201.177050	0.006954	2.7
572	-0.309886	200.997642	0.008695	2.8
573	-0.325630	200.818659	0.007546	2.7
574	-0.059931	200.640100	0.008061	2.8
575	-0.365542	200.461965	0.008597	3.5
576	-0.480097	200.284250	0.008908	2.7
577	-0.010183	200.106955	0.003461	2.8
578	-0.169935	199.930078	0.003597	3.5
579	-0.117221	199.753617	0.013463	3.4
580	-0.398366	199.577571	0.007437	3.5
581	-0.109794	199.401938	0.011091	2.8
582	-0.281213	199.226717	0.006942	2.8
583	-0.121869	199.051905	0.005046	2.8
584	-0.445663	198.877502	0.008102	2.8
585	-0.536141	198.703506	0.011912	2.8
586	-0.232157	198.529916	0.006707	3.5
587	-0.064074	198.356729	0.007574	3.5
588	-0.365141	198.183944	0.005139	3.4
589	-0.177304	198.011560	0.005220	3.3
590	-0.107430	197.839576	0.007343	2.9
591	-0.007795	197.667989	0.001021	3.2
592	-0.643389	197.496798	0.012037	2.5
593	-0.226610	197.326002	0.005224	2.5
594	-0.390416	197.155600	0.009863	2.6
595	-0.385451	196.985589	0.009833	2.7
596	-0.229234	196.815969	0.004495	2.7
597	-0.151818	196.646738	0.004105	3.1
598	-0.015976	196.477894	0.005811	2.7
599	-0.287383	196.309436	0.005832	2.5
600	-0.177578	196.141363	0.007919	2.6
601	-0.313127	195.973673	0.009460	2.6
602	-0.067699	195.806365	0.005274	2.7
603	-0.027823	195.639437	0.006425	3.1
604	-0.036550	195.472888	0.004929	2.7
605	-0.093704	195.306717	0.007994	2.5
606	-0.045285	195.140922	0.002206	2.5
607	-0.358681	194.975501	0.008437	2.6
608	-0.001410	194.810454	0.000680	2.5
609	-0.454625	194.645779	0.010968	3.3
610	-0.093502	194.481475	0.009803	2.6
611	-0.507320	194.317540	0.010449	2.6
612	-0.298411	194.153973	0.009108	2.5
613	-0.268043	193.990773	0.005873	2.5
614	-0.011026	193.827938	0.002110	2.5
615	-0.048745	193.665467	0.009344	3.3
616	-0.070763	193.503358	0.006192	2.6
617	-0.527376	193.341611	0.011594	2.5
618	-0.413666	193.180224	0.005020	2.6
619	-0.499918	193.019196	0.011313	2.6
620	-0.018787	192.858525	0.002306	2.8
621	-0.016396	192.698210	0.004266	3.2
622	-0.007807	192.538251	0.001731	2.7
623	-0.245761	192.378644	0.005162	2.5
624	-0.472006	192.219391	0.007229	2.6
625	-0.063460	192.060488	0.008526	2.6
626	-0.225620	191.901935	0.004686	2.6
627	-0.689795	191.743730	0.010195	3.2
628	-0.011227	191.585873	0.002767	2.6
629	-0.214606	191.428362	0.007204	2.6
630	-0.293660	191.271196	0.006545	2.6
631	-0.003551	191.114374	0.001540	2.5
632	-0.008715	190.957893	0.002166	2.4
633	-0.233047	190.801755	0.005318	3.3
634	-0.013559	190.645956	0.001761	2.7
635	-0.111840	190.490495	0.011445	2.6
636	-0.049617	190.335373	0.007260	2.6
637	-0.009901	190.180587	0.004046	2.5
638	-0.207879	190.026136	0.012454	2.5
639	-0.375625	189.872019	0.011503	2.8
640	-0.601878	189.718235	0.012692	3.0
641	-0.006122	189.564782	0.002599	2.6
642	-0.453094	189.411661	0.007953	2.6
643	-0.010909	189.258868	0.003506	2.6
644	-0.296377	189.106404	0.008897	2.6
645	-0.171735	188.954267	0.007045	2.6
646	-0.478982	188.802456	0.006432	3.2
647	-0.304830	188.650969	0.006277	2.6
648	-0.268964	188.499807	0.004811	2.6
649	-0.671818	188.348967	0.009686	2.7
650	-0.059064	188.198448	0.002645	2.5
651	-0.067911	188.048250	0.005527	2.7
652	-0.163355	187.898371	0.010921	3.2
653	-0.272661	187.748810	0.009663	2.6
654	-0.039763	187.599566	0.007996	2.5
655	-0.061506	187.450638	0.004634	2.6
656	-0.002965	187.302025	0.001639	2.6
657	-0.020799	187.153725	0.004001	2.5
658	-0.554282	187.005739	0.012666	3.2
659	-0.002122	186.858064	0.000770	2.5
660	-0.043249	186.710699	0.006754	2.6
661	-0.081656	186.563645	0.010756	2.5
662	-0.046639	186.416898	0.005738	2.5
663	-0.008521	186.270459	0.001132	2.5
664	-0.074888	186.124326	0.010236	3.3
665	-0.393648	185.978499	0.006195	2.7
666	-0.003318	185.832976	0.000985	2.6
667	-0.061256	185.687756	0.008167	2.6
668	-0.229834	185.542838	0.010533	2.6
669	-0.339991	185.398222	0.011327	2.6
670	-0.311278	185.253906	0.007164	3.2
671	-0.071133	185.109889	0.011912	2.8
672	-0.069706	184.966170	0.010028	2.8
673	-0.398847	184.822748	0.005290	2.5
674	-0.035172	184.679623	0.006439	2.6
675	-0.327902	184.536792	0.008466	2.6
676	-0.320849	184.394256	0.015606	3.5
677	-0.048560	184.252013	0.007001	2.8
678	-0.238334	184.110062	0.008530	2.9
679	-0.395051	183.968403	0.009614	2.8
680	-0.020736	183.827034	0.004618	2.6
681	-0.331212	183.685954	0.008048	2.6
682	-0.220888	183.545163	0.005241	3.4
683	-0.318373	183.404658	0.011753	2.7
684	-0.055877	183.264441	0.008775	2.6
685	-0.099011	183.124509	0.009702	2.5
686	-0.138763	182.984861	0.004818	2.5
687	-0.296479	182.845497	0.008839	2.6
688	-0.001954	182.706416	0.000802	3.1
689	-0.063679	182.567616	0.008900	2.7
690	-0.091617	182.429098	0.012336	2.6
691	-0.527269	182.290859	0.006961	2.5
692	-0.233981	182.152899	0.009293	2.5
693	-0.124448	182.015217	0.008063	2.6
694	-0.063807	181.877813	0.010552	3.1
695	-0.074894	181.740684	0.007567	2.7
696	-0.591268	181.603832	0.010739	2.6
697	-0.009051	181.467253	0.001341	2.7
698	-0.477767	181.330948	0.008313	2.7
699	-0.084583	181.194916	0.007633	3.4
700	-0.535294	181.059155	0.006962	3.5
701	-0.291853	180.923666	0.009296	2.8
702	-0.277530	180.788446	0.004771	2.8
703	-0.053584	180.653496	0.007264	2.5
704	-0.059346	180.518814	0.003902	2.7
705	-0.324968	180.384399	0.012279	2.7
706	-0.348236	180.250251	0.014339	3.1
707	-0.117202	180.116369	0.014181	2.5
708	-0.067419	179.982752	0.012127	2.6
709	-0.072181	179.849398	0.006949	2.5
710	-0.038995	179.716308	0.004619	2.6
711	-0.110783	179.583480	0.005038	2.6
712	-0.003515	179.450913	0.001883	3.1
713	-0.053261	179.318607	0.002811	2.6
714	-0.309485	179.186561	0.006226	2.5
715	-0.007338	179.054774	0.002422	2.5
716	-0.033948	178.923245	0.005241	2.8
717	-0.290678	178.791973	0.011714	2.8
718	-0.178100	178.660958	0.005390	5.7
719	-0.167189	178.530199	0.013797	10.6
720	-0.252125	178.399694	0.004797	10.6
721	-0.004420	178.269444	0.001357	5.4
722	-0.316019	178.139447	0.003883	3.9
723	-0.269508	178.009702	0.005921	5.7
724	-0.436739	177.880209	0.010684	4.3
725	-0.049241	177.750967	0.003211	2.8
726	-0.261297	177.621975	0.008619	3.3
727	-0.437163	177.493232	0.008697	2.8
728	-0.078089	177.364738	0.011600	2.7
729	-0.527145	177.236492	0.013466	2.7
730	-0.194403	177.108492	0.007148	2.7
731	-0.301924	176.980739	0.011581	2.9
732	-0.044346	176.853231	0.004102	3.3
733	-0.244042	176.725968	0.005621	2.8
734	-0.016060	176.598949	0.003235	2.8
735	-0.062305	176.472173	0.010552	2.9
736	-0.506249	176.345639	0.009359	2.7
737	-0.003779	176.219348	0.001185	2.9
738	-0.027698	176.093296	0.004450	3.2
739	-0.171747	175.967486	0.006497	2.8
740	-0.082071	175.841914	0.003729	3.4
741	-0.022302	175.716581	0.004289	3.4
742	-0.044101	175.591486	0.008107	3.4
743	-0.502373	175.466629	0.010385	4.0
744	-0.246635	175.342008	0.005694	3.7
745	-0.205429	175.217622	0.003632	3.8
746	-0.010981	175.093472	0.003481	3.4
747	-0.018819	174.969556	0.001888	5.1
748	-0.047358	174.845873	0.007345	3.6
749	-0.153230	174.722423	0.005597	3.1
750	-0.071922	174.599206	0.004734	2.9
751	-0.121320	174.476220	0.008094	3.2
752	-0.080349	174.353464	0.006658	4.3
753	-0.531508	174.230939	0.010636	3.6
754	-0.253284	174.108643	0.004514	3.6
755	-0.049892	173.986576	0.003098	3.5
756	-0.255309	173.864737	0.003502	4.5
757	-0.015957	173.743124	0.004583	3.0
758	-0.025197	173.621739	0.006574	2.9
759	-0.053376	173.500579	0.006324	2.8
760	-0.375765	173.379645	0.010996	2.9
761	-0.080581	173.258935	0.008341	3.3
762	-0.233119	173.138449	0.008086	3.6
763	-0.557249	173.018186	0.008775	3.0
764	-0.397479	172.898146	0.004414	3.0
765	-0.029850	172.778327	0.003171	3.1
766	-0.552850	172.658730	0.013289	3.3
767	-0.168141	172.539353	0.007294	3.3
768	-0.539208	172.420196	0.007548	3.0
769	-0.013809	172.301258	0.004314	3.2
770	-0.068505	172.182539	0.009872	2.7
771	-0.205223	172.064037	0.011098	2.8
772	-0.074434	171.945753	0.011851	3.5
773	-0.015108	171.827686	0.003153	2.9
774	-0.163717	171.709834	0.004756	3.0
775	-0.091111	171.592198	0.012479	2.9
776	-0.091085	171.474776	0.004623	3.0
777	-0.134710	171.357568	0.008622	3.6
778	-0.454169	171.240574	0.007401	2.8
779	-0.169085	171.123793	0.008128	2.8
780	-0.010941	171.007223	0.004180	2.9
781	-0.439074	170.890865	0.010552	2.8
782	-0.182586	170.774718	0.005242	2.6
783	-0.269982	170.658782	0.008712	3.3
784	-0.556447	170.543055	0.012275	2.8
785	-0.129516	170.427537	0.009004	2.7
786	-0.017663	170.312227	0.002436	2.7
787	-0.095244	170.197125	0.011665	2.7
788	-0.002036	170.082231	0.000683	2.7
789	-0.011447	169.967543	0.001926	3.1
790	-0.002256	169.853061	0.001151	2.5
791	-0.020700	169.738784	0.005561	2.6
792	-0.010177	169.624713	0.001537	3.0
793	-0.664441	169.510845	0.008257	3.2
794	-0.066948	169.397181	0.009031	3.5
795	-0.017258	169.283720	0.003241	4.2
796	-0.351374	169.170462	0.009329	3.9
797	-0.090534	169.057405	0.009362	3.1
798	-0.012797	168.944549	0.003550	2.9
799	-0.435346	168.831895	0.008225	3.6
800	-0.018604	168.719440	0.002254	2.7
801	-0.002677	168.607185	0.001170	2.9
802	-0.086053	168.495129	0.011312	2.6
803	-0.083360	168.383271	0.010397	2.8
804	-0.008788	168.271611	0.002482	2.6
805	-0.083253	168.160148	0.006996	3.0
806	-0.097669	168.048882	0.013748	2.8
807	-0.246314	167.937812	0.008884	2.8
808	-0.072248	167.826938	0.011487	2.8
809	-0.004451	167.716258	0.001902	2.8
810	-0.020112	167.605773	0.002323	3.3
811	-0.070601	167.495482	0.004049	4.2
812	-0.093299	167.385384	0.006851	2.8
813	-0.255264	167.275479	0.009111	2.6
814	-0.245933	167.165766	0.003221	2.6
815	-0.097263	167.056245	0.005528	2.5
816	-0.014661	166.946915	0.002969	3.0
817	-0.273435	166.837776	0.005745	2.9
818	-0.022274	166.728826	0.006743	2.6
819	-0.429045	166.620067	0.006605	2.6
820	-0.328728	166.511496	0.007025	2.6
821	-0.596598	166.403113	0.012341	2.5
822	-0.567438	166.294919	0.010280	3.4
823	-0.011092	166.186912	0.003476	2.8
824	-0.006730	166.079091	0.002221	2.9
825	-0.267961	165.971458	0.010853	2.6
826	-0.305462	165.864009	0.007987	2.7
827	-0.062156	165.756747	0.008772	2.5
828	-0.064924	165.649669	0.011765	3.1
829	-0.037423	165.542775	0.005034	2.8
830	-0.122701	165.436065	0.012823	2.6
831	-0.114999	165.329538	0.011677	2.6
832	-0.003761	165.223194	0.001505	2.6
833	-0.021313	165.117032	0.002243	2.9
834	-0.016113	165.011052	0.002317	3.5
835	-0.050349	164.905253	0.009341	3.2
836	-0.462159	164.799635	0.014535	2.7
837	-0.010670	164.694197	0.003116	2.7
838	-0.005035	164.588939	0.001581	2.7
839	-0.064567	164.483859	0.006187	2.7
840	-0.076720	164.378959	0.008774	3.1
841	-0.145866	164.274237	0.008431	2.6
842	-0.015121	164.169692	0.004072	2.6
843	-0.096707	164.065325	0.005443	2.6
844	-0.071037	163.961135	0.008818	2.6
845	-0.410799	163.857120	0.008768	2.7
846	-0.353138	163.753282	0.006698	3.4
847	-0.010702	163.649619	0.001837	2.9
848	-0.004033	163.546130	0.000931	2.7
849	-0.574620	163.442816	0.009032	3.3
850	-0.252514	163.339676	0.005299	4.5
851	-0.322150	163.236709	0.007672	3.9
852	-0.552535	163.133915	0.006623	3.8
853	-0.602527	163.031294	0.009952	3.1
854	-0.460032	162.928844	0.014315	2.9
855	-0.275713	162.826566	0.003777	2.9
856	-0.238886	162.724459	0.010931	5.0
857	-0.087916	162.622523	0.011152	3.4
858	-0.457918	162.520757	0.011833	3.4
859	-0.227026	162.419160	0.006969	3.0
860	-0.405042	162.317733	0.006931	3.3
861	-0.026535	162.216474	0.008235	2.7
862	-0.120441	162.115383	0.005362	2.5
863	-0.366803	162.014461	0.005007	2.5
864	-0.007897	161.913705	0.001562	2.7
865	-0.103991	161.813117	0.012965	2.6
866	-0.015710	161.712695	0.004129	3.6
867	-0.451931	161.612439	0.005338	2.9
868	-0.252612	161.512349	0.009735	2.9
869	-0.479383	161.412424	0.008890	2.8
870	-0.524242	161.312663	0.005365	2.5
871	-0.073153	161.213067	0.010270	2.7
872	-0.123199	161.113635	0.004339	2.9
873	-0.012406	161.014366	0.003414	2.6
874	-0.061744	160.915260	0.011287	2.5
875	-0.058527	160.816316	0.008813	2.5
876	-0.058338	160.717535	0.007624	2.7
877	-0.505933	160.618915	0.009644	2.5
878	-0.031408	160.520456	0.006926	2.7
879	-0.161470	160.422158	0.002502	3.1
880	-0.212020	160.324021	0.005236	2.6
881	-0.339988	160.226043	0.008771	2.5
882	-0.076423	160.128225	0.014160	2.5
883	-0.060595	160.030566	0.007766	2.5
884	-0.682491	159.933066	0.012302	2.7
885	-0.139388	159.835723	0.009519	3.2
886	-0.284147	159.738539	0.008044	2.5
887	-0.309109	159.641512	0.006614	2.5
888	-0.241382	159.544642	0.005457	2.5
889	-0.116654	159.447929	0.007539	2.6
890	-0.058783	159.351372	0.006345	2.5
891	-0.451933	159.254971	0.012441	2.9
892	-0.297105	159.158725	0.009326	2.7
893	-0.253666	159.062634	0.005469	2.5
894	-0.420909	158.966697	0.010176	2.5
895	-0.002608	158.870915	0.000981	2.7
896	-0.063590	158.775286	0.007653	2.6
897	-0.110540	158.679811	0.009759	3.0
898	-0.022163	158.584489	0.001378	2.9
899	-0.017013	158.489319	0.002279	2.6
900	-0.067037	158.394302	0.006688	2.8
901	-0.397694	158.299436	0.006189	2.6
902	-0.023796	158.204721	0.002324	2.9
903	-0.089463	158.110158	0.005268	3.1
904	-0.178382	158.015745	0.001875	2.5
905	-0.083463	157.921482	0.011357	2.5
906	-0.538681	157.827369	0.008930	2.5
907	-0.457509	157.733406	0.007897	2.5
908	-0.099858	157.639591	0.009255	2.5
909	-0.015989	157.545925	0.003640	2.9
910	-0.094770	157.452408	0.012730	2.9
911	-0.114012	157.359038	0.004543	2.5
912	-0.421087	157.265816	0.008062	2.7
913	-0.015797	157.172741	0.001979	2.7
914	-0.618638	157.079813	0.007803	3.1
915	-0.386522	156.987031	0.008928	3.3
916	-0.615072	156.894395	0.011250	2.7
917	-0.320277	156.801904	0.007396	2.7
918	-0.075710	156.709559	0.010314	2.7
919	-0.120994	156.617359	0.009973	2.8
920	-0.126095	156.525304	0.008394	2.7
921	-0.063881	156.433392	0.010641	3.1
922	-0.009744	156.341624	0.004375	2.9
923	-0.153148	156.250000	0.003073	2.7
924	-0.014498	156.158519	0.003431	2.8
925	-0.004028	156.067180	0.001684	2.7
926	-0.497915	155.975984	0.005435	2.8
927	-0.010437	155.884930	0.003003	3.1
928	-0.386914	155.794017	0.006697	2.9
929	-0.436078	155.703246	0.012366	2.8
930	-0.116656	155.612615	0.006951	2.7
931	-0.347198	155.522125	0.004360	2.7
932	-0.537154	155.431775	0.013373	2.8
933	-0.379840	155.341565	0.008967	3.1
934	-0.030419	155.251495	0.004530	2.7
935	-0.039718	155.161563	0.004463	2.7
936	-0.043920	155.071771	0.005765	2.8
937	-0.040260	154.982117	0.005663	2.7
938	-0.078724	154.892601	0.007725	2.8
939	-0.030129	154.803222	0.006491	3.4
940	-0.294323	154.713981	0.004027	2.8
941	-0.118269	154.624878	0.005774	2.7
942	-0.078438	154.535910	0.011307	2.7
943	-0.644183	154.447080	0.007093	2.8
944	-0.026032	154.358385	0.004645	3.3
945	-0.014003	154.269826	0.003773	3.0
946	-0.282243	154.181402	0.004625	2.8
947	-0.036292	154.093114	0.004426	2.6
948	-0.062045	154.004960	0.007942	2.9
949	-0.306501	153.916940	0.006490	2.7
950	-0.201357	153.829054	0.010447	3.3
951	-0.601788	153.741303	0.010637	3.1
952	-0.043253	153.653684	0.006584	2.8
953	-0.023340	153.566198	0.004673	3.5
954	-0.387207	153.478846	0.010806	3.4
955	-0.014773	153.391625	0.004296	3.9
956	-0.394606	153.304537	0.012704	3.8
957	-0.122692	153.217580	0.006704	3.5
958	-0.090280	153.130755	0.006126	3.2
959	-0.468604	153.044061	0.006123	3.4
960	-0.055138	152.957498	0.007915	5.0
961	-0.563047	152.871065	0.008559	4.0
962	-0.356252	152.784762	0.006369	3.6
963	-0.635806	152.698589	0.010894	2.8
964	-0.020159	152.612545	0.002573	3.4
965	-0.017033	152.526631	0.003291	2.7
966	-0.187681	152.440845	0.006306	2.8
967	-0.008190	152.355188	0.001647	2.9
968	-0.029179	152.269660	0.004802	2.8
969	-0.306844	152.184259	0.008461	3.1
970	-0.065089	152.098986	0.012367	3.3
971	-0.435775	152.013840	0.006085	3.0
972	-0.100804	151.928821	0.015468	3.1
973	-0.538646	151.843928	0.010421	3.1
974	-0.307410	151.759163	0.003699	2.8
975	-0.111321	151.674523	0.005380	3.5
976	-0.056624	151.590009	0.003715	2.8
977	-0.696546	151.505620	0.008637	2.8
978	-0.252497	151.421357	0.004226	2.8
979	-0.173553	151.337218	0.006624	2.7
980	-0.177453	151.253204	0.002351	3.1
981	-0.013704	151.169314	0.004317	11.1
982	-0.034551	151.085549	0.007793	18.1
983	-0.003945	151.001907	0.001150	6.4
984	-0.010052	150.918388	0.001059	6.6
985	-0.555285	150.834992	0.008401	2.9
986	-0.172951	150.751719	0.002641	3.1
987	-0.021876	150.668569	0.003983	3.3
988	-0.239483	150.585541	0.006550	2.8
989	-0.017397	150.502634	0.002710	2.7
990	-0.028431	150.419849	0.004526	2.7
991	-0.535678	150.337186	0.010402	2.7
992	-0.024222	150.254644	0.003391	2.7
993	-0.084224	150.172222	0.013013	3.4
994	-0.007068	150.089921	0.001431	3.0
995	-0.085447	150.007740	0.010677	2.9
996	-0.033003	149.925679	0.005595	2.9
997	-0.411550	149.843737	0.008188	2.8
998	-0.112042	149.761915	0.004652	2.9
999	-0.031912	149.680212	0.008025	3.1
1000	-0.059714	149.598627	0.006604	2.9
1001	-0.066781	149.517161	0.007560	2.8
1002	-0.090220	149.435814	0.011356	2.8
1003	-0.184969	149.354584	0.012747	2.7
1004	-0.101764	149.273472	0.007555	3.1
1005	-0.373741	149.192477	0.006015	2.9
1006	-0.503478	149.111599	0.010151	2.7
1007	-0.622888	149.030838	0.009374	2.8
1008	-0.352619	148.950194	0.010363	3.1
1009	-0.067216	148.869666	0.008605	3.2
1010	-0.576020	148.789253	0.007657	3.9
1011	-0.079381	148.708957	0.011682	2.9
1012	-0.048851	148.628776	0.006094	3.1
1013	-0.272777	148.548710	0.012879	3.0
1014	-0.403843	148.468759	0.005576	2.8
1015	-0.416956	148.388923	0.011629	3.5
1016	-0.060316	148.309201	0.011435	3.1
1017	-0.278710	148.229594	0.009316	3.1
1018	-0.320157	148.150100	0.006846	3.0
1019	-0.030033	148.070719	0.006008	3.0
1020	-0.205458	147.991452	0.011803	3.2
1021	-0.006087	147.912298	0.002145	3.2
1022	-0.055648	147.833257	0.006927	2.9
1023	-0.043585	147.754329	0.006440	2.6
1024	-0.034985	147.675512	0.007369	2.7
1025	-0.096934	147.596808	0.005684	2.6
1026	-0.005476	147.518216	0.001753	2.9
1027	-0.014206	147.439735	0.003541	2.6
1028	-0.379414	147.361365	0.007439	2.5
1029	-0.233896	147.283106	0.008142	2.5
1030	-0.297194	147.204958	0.008869	2.5
1031	-0.057737	147.126920	0.008527	2.7
1032	-0.065011	147.048993	0.006974	3.0
1033	-0.386269	146.971175	0.009314	2.7
1034	-0.153175	146.893468	0.004487	2.5
1035	-0.058855	146.815869	0.008917	2.5
1036	-0.090076	146.738380	0.011323	2.6
1037	-0.003776	146.661000	0.001275	2.4
1038	-0.118342	146.583729	0.014409	2.6
1039	-0.075549	146.506566	0.011543	3.0
1040	-0.034483	146.429511	0.006353	2.6
1041	-0.106257	146.352565	0.011494	2.4
1042	-0.312170	146.275726	0.005554	2.5
1043	-0.079360	146.198994	0.012337	2.6
1044	-0.261240	146.122370	0.009192	2.5
1045	-0.015793	146.045853	0.005492	3.1
1046	-0.029003	145.969442	0.003743	2.7
1047	-0.044226	145.893139	0.006535	2.7
1048	-0.317092	145.816941	0.004780	2.4
1049	-0.131887	145.740849	0.010356	2.5
1050	-0.319352	145.664863	0.005994	2.5
1051	-0.010081	145.588983	0.003171	3.1
1052	-0.060871	145.513208	0.006056	2.6
1053	-0.048609	145.437538	0.004686	2.5
1054	-0.089247	145.361973	0.014186	2.5
1055	-0.518646	145.286513	0.012439	2.7
1056	-0.080505	145.211157	0.012733	2.5
1057	-0.359013	145.135905	0.010887	3.0
1058	-0.107477	145.060757	0.013419	2.8
1059	-0.198541	144.985712	0.008935	2.5
1060	-0.505177	144.910771	0.008474	2.6
1061	-0.420589	144.835934	0.011612	2.4
1062	-0.530007	144.761199	0.007896	2.5
1063	-0.008835	144.686567	0.001657	2.6
1064	-0.072894	144.612037	0.007911	3.0
1065	-0.069934	144.537610	0.008114	2.6
1066	-0.102529	144.463285	0.010167	2.5
1067	-0.052751	144.389062	0.009886	2.5
1068	-0.010704	144.314940	0.004424	2.5
1069	-0.379053	144.240920	0.007281	2.5
1070	-0.599937	144.167001	0.012093	3.0
1071	-0.023868	144.093182	0.002056	2.5
1072	-0.010320	144.019465	0.003150	2.5
1073	-0.462487	143.945848	0.012826	2.5
1074	-0.217816	143.872331	0.005698	2.5
1075	-0.539969	143.798914	0.006079	2.5
1076	-0.102790	143.725597	0.011817	3.5
1077	-0.036545	143.652380	0.004968	2.7
1078	-0.274941	143.579262	0.007281	2.5
1079	-0.013824	143.506243	0.003340	2.6
1080	-0.017501	143.433323	0.002237	2.6
1081	-0.054825	143.360502	0.006015	2.7
1082	-0.013434	143.287780	0.001910	3.1
1083	-0.003801	143.215155	0.002659	2.5
1084	-0.316652	143.142629	0.006195	2.5
1085	-0.102043	143.070201	0.006191	2.5
1086	-0.274360	142.997870	0.003648	2.8
1087	-0.050284	142.925637	0.007980	2.7
1088	-0.329615	142.853501	0.007579	3.3
1089	-0.329501	142.781462	0.009614	2.7
1090	-0.464493	142.709519	0.006709	2.7
1091	-0.165461	142.637674	0.004074	3.1
1092	-0.030988	142.565924	0.004842	3.1
1093	-0.284270	142.494271	0.007227	3.0
1094	-0.634185	142.422714	0.007329	3.5
1095	-0.052053	142.351252	0.004370	2.9
1096	-0.126214	142.279886	0.011625	2.8
1097	-0.394185	142.208616	0.005884	2.6
1098	-0.040742	142.137440	0.007435	2.7
1099	-0.044469	142.066360	0.003336	3.0
1100	-0.320092	141.995374	0.009454	2.9
1101	-0.003798	141.924483	0.001057	2.5
1102	-0.143004	141.853685	0.005519	2.5
1103	-0.053896	141.782983	0.007410	2.6
1104	-0.018176	141.712373	0.005161	2.6
1105	-0.191070	141.641858	0.006794	2.7
1106	-0.733226	141.571436	0.007269	3.0
1107	-0.013906	141.501108	0.002928	2.6
1108	-0.094045	141.430872	0.014110	2.5
1109	-0.195470	141.360730	0.004732	2.5
1110	-0.238991	141.290680	0.005212	2.5
1111	-0.020210	141.220722	0.004654	2.8
1112	-0.224385	141.150857	0.002749	3.1
1113	-0.446659	141.081084	0.006925	2.7
1114	-0.010820	141.011403	0.003367	2.7
1115	-0.590331	140.941813	0.008424	2.6
1116	-0.182570	140.872315	0.004832	2.7
1117	-0.057653	140.802909	0.006866	3.1
1118	-0.067588	140.733593	0.010516	2.8
1119	-0.175668	140.664369	0.005091	2.7
1120	-0.552556	140.595235	0.009347	2.7
1121	-0.012605	140.526192	0.001773	2.4
1122	-0.452367	140.457239	0.008393	2.4
1123	-0.203272	140.388376	0.007657	2.6
1124	-0.481904	140.319603	0.008368	3.0
1125	-0.143927	140.250920	0.008060	2.7
1126	-0.231639	140.182326	0.005030	2.7
1127	-0.026760	140.113822	0.004270	2.5
1128	-0.158718	140.045407	0.007507	2.8
1129	-0.595050	139.977081	0.011539	2.8
1130	-0.402661	139.908844	0.005740	3.3
1131	-0.012342	139.840696	0.001937	2.7
1132	-0.059421	139.772635	0.006162	2.7
1133	-0.481113	139.704664	0.004695	2.8
1134	-0.575946	139.636780	0.008450	2.8
1135	-0.032309	139.568984	0.002756	3.0
1136	-0.283724	139.501276	0.004547	3.1
1137	-0.120765	139.433655	0.005854	2.7
1138	-0.074768	139.366122	0.010705	2.7
1139	-0.046578	139.298676	0.007144	2.7
1140	-0.247763	139.231317	0.007103	2.7
1141	-0.059743	139.164045	0.008954	3.3
1142	-0.026497	139.096859	0.006812	3.1
1143	-0.004279	139.029760	0.001891	2.7
1144	-0.264085	138.962747	0.012520	2.7
1145	-0.087468	138.895820	0.013410	2.7
1146	-0.008791	138.828978	0.002514	2.6
1147	-0.132929	138.762223	0.005802	3.3
1148	-0.100098	138.695553	0.008379	2.9
1149	-0.016459	138.628969	0.003232	2.6
1150	-0.026397	138.562469	0.002664	2.7
1151	-0.027453	138.496055	0.005072	2.6
1152	-0.076354	138.429725	0.003806	2.6
1153	-0.138613	138.363481	0.008941	3.0
1154	-0.183628	138.297320	0.005720	3.1
1155	-0.339094	138.231244	0.005365	2.7
1156	-0.392413	138.165252	0.005215	2.6
1157	-0.159240	138.099344	0.006113	2.7
1158	-0.480445	138.033520	0.010733	2.8
1159	-0.361124	137.967779	0.008052	3.3
1160	-0.050398	137.902122	0.004801	2.8
1161	-0.647392	137.836548	0.011394	2.8
1162	-0.018288	137.771057	0.004279	2.7
1163	-0.019582	137.705649	0.001654	2.6
1164	-0.007339	137.640324	0.001672	2.5
1165	-0.121859	137.575081	0.006966	3.1
1166	-0.017957	137.509921	0.001870	2.5
1167	-0.319641	137.444842	0.005710	2.5
1168	-0.023170	137.379846	0.003579	2.6
1169	-0.359812	137.314932	0.008254	2.4
1170	-0.099692	137.250100	0.010371	2.6
1171	-0.083159	137.185349	0.009581	2.9
1172	-0.093571	137.120680	0.016265	2.8
1173	-0.434273	137.056092	0.008627	2.7
1174	-0.006311	136.991585	0.001077	2.8
1175	-0.148414	136.927158	0.005321	2.6
1176	-0.164837	136.862813	0.008530	2.7
1177	-0.010099	136.798548	0.002870	2.7
1178	-0.580708	136.734363	0.006746	2.9
1179	-0.631555	136.670259	0.008961	2.5
1180	-0.435963	136.606235	0.009819	2.7
1181	-0.294849	136.542291	0.005161	3.0
1182	-0.581226	136.478426	0.007768	2.8
1183	-0.586559	136.414641	0.007072	3.4
1184	-0.020110	136.350936	0.001803	2.9
1185	-0.371043	136.287310	0.007729	2.9
1186	-0.059008	136.223763	0.004848	2.4
1187	-0.106655	136.160295	0.006411	2.5
1188	-0.022387	136.096905	0.002889	2.6
1189	-0.294298	136.033594	0.004963	3.1
1190	-0.023452	135.970362	0.005735	2.6
1191	-0.073851	135.907208	0.006737	2.5
1192	-0.239518	135.844133	0.009028	2.5
1193	-0.136803	135.781135	0.008617	2.5
1194	-0.005240	135.718215	0.001370	2.5
1195	-0.039243	135.655373	0.001935	2.7
1196	-0.075967	135.592608	0.011759	2.8
1197	-0.090320	135.529921	0.009690	2.5
1198	-0.375627	135.467311	0.006684	2.7
1199	-0.245763	135.404778	0.005371	2.6
1200	-0.077898	135.342322	0.009331	2.5
1201	-0.528595	135.279942	0.007771	2.7
1202	-0.008865	135.217640	0.002624	2.9
1203	-0.015235	135.155413	0.003851	2.5
1204	-0.188194	135.093263	0.007148	2.5
1205	-0.049298	135.031190	0.005888	2.5
1206	-0.484820	134.969192	0.008839	2.5
1207	-0.333086	134.907270	0.010881	2.6
1208	-0.008861	134.845424	0.001183	3.1
1209	-0.204912	134.783653	0.005474	2.5
1210	-0.584144	134.721958	0.009279	2.5
1211	-0.006667	134.660338	0.001689	2.5
1212	-0.215506	134.598793	0.003903	2.5
1213	-0.384245	134.537323	0.006688	2.5
1214	-0.291794	134.475927	0.008777	2.8
1215	-0.105633	134.414607	0.004362	2.8
1216	-0.465914	134.353361	0.011805	2.6
1217	-0.301235	134.292189	0.003972	2.4
1218	-0.088950	134.231092	0.010481	2.5
1219	-0.508971	134.170068	0.009911	2.4
1220	-0.117970	134.109119	0.005190	2.6
1221	-0.059799	134.048243	0.010450	3.0
1222	-0.052542	133.987441	0.008416	2.4
1223	-0.074015	133.926713	0.009560	2.5
1224	-0.011513	133.866057	0.001602	2.6
1225	-0.089911	133.805475	0.014472	2.5
1226	-0.522240	133.744966	0.009721	2.4
1227	-0.199035	133.684530	0.010573	3.2
1228	-0.455358	133.624167	0.007599	5.2
1229	-0.103115	133.563877	0.004769	5.7
1230	-0.008602	133.503658	0.001571	6.9
1231	-0.029062	133.443513	0.005218	6.8
1232	-0.703110	133.383439	0.013894	4.7
1233	-0.023320	133.323437	0.006312	5.2
1234	-0.338696	133.263508	0.007646	3.2
1235	-0.215664	133.203650	0.007077	5.3
1236	-0.173000	133.143864	0.005073	5.7
1237	-0.239400	133.084149	0.007448	3.1
1238	-0.466788	133.024506	0.008996	2.7
1239	-0.135419	132.964934	0.009070	2.8
1240	-0.078403	132.905433	0.010648	2.7
1241	-0.595351	132.846003	0.010627	2.8
1242	-0.169928	132.786643	0.007218	3.3
1243	-0.220873	132.727355	0.003251	2.8
1244	-0.062597	132.668137	0.007462	2.8
1245	-0.349701	132.608989	0.008301	2.7
1246	-0.017487	132.549912	0.006090	2.7
1247	-0.279562	132.490904	0.012405	2.8
1248	-0.455619	132.431967	0.008542	3.6
1249	-0.467753	132.373100	0.007608	2.8
1250	-0.006596	132.314302	0.001034	2.8
1251	-0.724725	132.255574	0.007714	2.8
1252	-0.102991	132.196916	0.010245	2.7
1253	-0.070781	132.138326	0.006925	3.3
1254	-0.202911	132.079806	0.004828	2.9
1255	-0.079944	132.021355	0.008186	2.8
1256	-0.068795	131.962973	0.007394	2.7
1257	-0.345940	131.904660	0.006243	2.7
1258	-0.158721	131.846415	0.008056	2.7
1259	-0.046244	131.788239	0.006520	3.5
1260	-0.311291	131.730131	0.005138	2.8
1261	-0.065992	131.672092	0.012849	3.0
1262	-0.577487	131.614121	0.009021	3.1
1263	-0.212936	131.556217	0.004423	3.1
1264	-0.043559	131.498382	0.007395	3.1
1265	-0.067493	131.440614	0.005765	3.1
1266	-0.045417	131.382914	0.006739	2.9
1267	-0.012196	131.325282	0.004252	2.8
1268	-0.074086	131.267717	0.010054	2.7
1269	-0.085792	131.210219	0.012396	2.5
1270	-0.569311	131.152788	0.010479	3.2
1271	-0.025902	131.095424	0.002898	2.7
1272	-0.007279	131.038127	0.001607	2.5
1273	-0.010347	130.980897	0.001848	2.6
1274	-0.318725	130.923733	0.005818	2.8
1275	-0.093447	130.866636	0.013042	2.7
1276	-0.496483	130.809605	0.008136	3.4
1277	-0.112711	130.752641	0.004493	2.7
1278	-0.050236	130.695742	0.003700	2.6
1279	-0.019056	130.638910	0.004360	2.5
1280	-0.292391	130.582143	0.008318	2.5
1281	-0.069348	130.525442	0.004258	2.6
1282	-0.164693	130.468807	0.007292	3.5
1283	-0.008653	130.412237	0.003801	2.7
1284	-0.542369	130.355733	0.007563	2.6
1285	-0.103322	130.299294	0.009418	2.5
1286	-0.405424	130.242920	0.010753	2.6
1287	-0.005924	130.186611	0.003858	2.5
1288	-0.679700	130.130366	0.009670	3.0
1289	-0.297465	130.074187	0.010128	2.6
1290	-0.335745	130.018072	0.006455	2.5
1291	-0.069755	129.962022	0.007880	2.7
1292	-0.213300	129.906036	0.004266	2.6
1293	-0.056333	129.850114	0.008711	2.8
1294	-0.596821	129.794257	0.008127	2.8
1295	-0.059385	129.738463	0.009666	2.9
1296	-0.524838	129.682734	0.009978	2.6
1297	-0.009985	129.627068	0.001699	2.5
1298	-0.021630	129.571466	0.001739	2.6
1299	-0.002508	129.515927	0.001012	2.5
1300	-0.365501	129.460452	0.005336	2.6
1301	-0.037404	129.405040	0.008238	3.1
1302	-0.390962	129.349692	0.006242	2.5
1303	-0.468897	129.294406	0.010486	2.5
1304	-0.564462	129.239183	0.008526	2.4
1305	-0.015572	129.184024	0.001746	2.7
1306	-0.664391	129.128927	0.011828	2.6
1307	-0.682662	129.073892	0.007912	3.1
1308	-0.002831	129.018921	0.000934	2.5
1309	-0.143087	128.964011	0.013103	2.5
1310	-0.057442	128.909164	0.011932	2.5
1311	-0.036162	128.854379	0.006278	2.5
1312	-0.537055	128.799656	0.008968	2.6
1313	-0.054803	128.744995	0.002564	3.6
1314	-0.061812	128.690396	0.003442	3.5
1315	-0.154340	128.635858	0.004036	2.9
1316	-0.068826	128.581382	0.009394	3.0
1317	-0.126846	128.526968	0.006240	2.8
1318	-0.379592	128.472615	0.008185	3.1
1319	-0.479811	128.418323	0.006755	3.4
1320	-0.511679	128.364092	0.008698	2.9
1321	-0.104258	128.309922	0.002566	2.9
1322	-0.092734	128.255814	0.012700	3.2
1323	-0.048929	128.201766	0.008765	3.4
1324	-0.008180	128.147778	0.001898	3.6
1325	-0.065030	128.093852	0.008411	3.2
1326	-0.260808	128.039985	0.010514	3.2
1327	-0.021020	127.986180	0.004345	3.3
1328	-0.060169	127.932434	0.003555	2.9
1329	-0.005441	127.878749	0.002020	3.3
1330	-0.006605	127.825123	0.002026	2.8
1331	-0.368682	127.771558	0.004771	3.0
1332	-0.389366	127.718052	0.006196	2.9
1333	-0.040399	127.664606	0.004724	2.9
1334	-0.698000	127.611220	0.010934	3.9
1335	-0.407287	127.557893	0.011819	3.0
1336	-0.230779	127.504625	0.014666	2.8
1337	-0.037619	127.451417	0.004064	2.8
1338	-0.057489	127.398268	0.010313	2.9
1339	-0.363385	127.345178	0.013278	3.0
1340	-0.370072	127.292147	0.008747	3.5
1341	-0.070533	127.239175	0.010452	3.2
1342	-0.215582	127.186261	0.009121	2.9
1343	-0.060682	127.133407	0.009549	2.6
1344	-0.006689	127.080610	0.002801	2.7
1345	-0.171658	127.027872	0.010700	3.6
1346	-0.081757	126.975193	0.007183	2.7
1347	-0.178879	126.922572	0.009007	2.7
1348	-0.320400	126.870008	0.009145	2.8
1349	-0.186376	126.817503	0.008739	3.0
1350	-0.364739	126.765056	0.011245	3.2
1351	-0.320965	126.712667	0.006959	3.2
1352	-0.110007	126.660335	0.004703	2.9
1353	-0.110061	126.608061	0.014571	2.9
1354	-0.423910	126.555844	0.005202	2.7
1355	-0.014249	126.503685	0.003586	2.8
1356	-0.081563	126.451583	0.011536	3.4
1357	-0.013970	126.399538	0.003556	2.8
1358	-0.193924	126.347550	0.006044	3.1
1359	-0.164096	126.295619	0.012848	3.2
1360	-0.072720	126.243745	0.011590	2.9
1361	-0.641514	126.191928	0.012110	3.7
1362	-0.310701	126.140168	0.004382	3.0
1363	-0.014039	126.088464	0.003830	2.7
1364	-0.610499	126.036817	0.008193	2.8
1365	-0.006375	125.985226	0.002010	2.7
1366	-0.056560	125.933691	0.003854	2.5
1367	-0.006608	125.882212	0.003578	3.4
1368	-0.012345	125.830790	0.002359	2.7
1369	-0.633961	125.779423	0.008555	2.9
1370	-0.064690	125.728113	0.007001	2.7
1371	-0.538891	125.676858	0.007887	2.8
1372	-0.310704	125.625659	0.004909	2.8
1373	-0.405094	125.574515	0.006418	3.4
1374	-0.204782	125.523427	0.003808	3.2
1375	-0.549557	125.472394	0.013197	3.1
1376	-0.048620	125.421417	0.006309	3.4
1377	-0.055777	125.370495	0.005726	3.3
1378	-0.137217	125.319628	0.006376	3.5
1379	-0.006529	125.268815	0.002099	2.9
1380	-0.015941	125.218058	0.001605	2.8
1381	-0.102362	125.167356	0.005450	2.9
1382	-0.070575	125.116708	0.013797	2.8
1383	-0.102564	125.066115	0.005792	3.1
1384	-0.092425	125.015576	0.011049	4.1
1385	-0.271710	124.965092	0.005847	3.5
1386	-0.017151	124.914662	0.005595	3.5
1387	-0.156294	124.864287	0.005019	3.3
1388	-0.141918	124.813965	0.009313	3.4
1389	-0.072500	124.763698	0.011060	2.8
1390	-0.074668	124.713485	0.011516	3.3
1391	-0.161804	124.663325	0.005150	3.4
1392	-0.065558	124.613219	0.012470	3.4
1393	-0.099586	124.563167	0.012663	4.1
1394	-0.067004	124.513168	0.012277	2.9
1395	-0.618143	124.463223	0.013451	2.7
1396	-0.062110	124.413332	0.005555	2.8
1397	-0.015279	124.363493	0.001545	2.9
1398	-0.061031	124.313708	0.009366	3.4
1399	-0.055982	124.263976	0.007215	3.7
1400	-0.469212	124.214297	0.007630	2.7
1401	-0.009869	124.164671	0.002772	2.6
1402	-0.005194	124.115097	0.001196	2.6
1403	-0.079287	124.065577	0.007940	2.6
1404	-0.091683	124.016109	0.010827	3.1
1405	-0.086510	123.966693	0.012546	2.8
1406	-0.188754	123.917330	0.005710	2.6
1407	-0.383604	123.868020	0.005365	2.6
1408	-0.042050	123.818762	0.003800	2.5
1409	-0.077057	123.769556	0.013955	2.5
1410	-0.132476	123.720402	0.014164	3.1
1411	-0.060013	123.671300	0.006309	3.1
1412	-0.085599	123.622250	0.011095	2.5
1413	-0.051873	123.573252	0.007767	2.5
1414	-0.064642	123.524305	0.012587	2.4
1415	-0.029514	123.475411	0.005758	2.6
1416	-0.281933	123.426568	0.008384	3.0
1417	-0.146930	123.377776	0.011535	3.1
1418	-0.303700	123.329036	0.005716	2.6
1419	-0.093076	123.280347	0.011282	2.7
1420	-0.700377	123.231709	0.010125	2.7
1421	-0.277007	123.183122	0.006145	2.6
1422	-0.052023	123.134587	0.006561	2.8
1423	-0.364487	123.086102	0.007911	3.1
1424	-0.054011	123.037669	0.004429	2.6
1425	-0.151293	122.989286	0.006601	2.5
1426	-0.427066	122.940954	0.012593	2.5
1427	-0.389165	122.892672	0.005378	2.5
1428	-0.596183	122.844441	0.009216	2.7
1429	-0.071407	122.796261	0.014285	3.0
1430	-0.204966	122.748130	0.012509	2.6
1431	-0.081776	122.700050	0.014420	2.9
1432	-0.513614	122.652021	0.008846	2.5
1433	-0.019149	122.604041	0.008974	2.6
1434	-0.352984	122.556111	0.010449	2.8
1435	-0.010906	122.508232	0.001925	2.9
1436	-0.423404	122.460402	0.009207	2.9
1437	-0.222803	122.412622	0.004652	2.6
1438	-0.601099	122.364891	0.010855	2.6
1439	-0.008095	122.317210	0.001164	2.6
1440	-0.273947	122.269579	0.007344	2.5
1441	-0.055030	122.221997	0.008495	3.0
1442	-0.561921	122.174465	0.006688	2.5
1443	-0.087895	122.126981	0.005280	2.6
1444	-0.047191	122.079547	0.002573	2.5
1445	-0.276795	122.032162	0.014778	2.6
1446	-0.082031	121.984826	0.011584	2.5
1447	-0.558174	121.937539	0.008450	2.9
1448	-0.328440	121.890301	0.007258	2.8
1449	-0.014933	121.843112	0.003816	2.5
1450	-0.560036	121.795971	0.007003	2.5
1451	-0.656796	121.748879	0.010918	2.5
1452	-0.089760	121.701835	0.013078	2.6
1453	-0.057270	121.654840	0.011264	2.7
1454	-0.118422	121.607893	0.006054	2.9
1455	-0.407644	121.560994	0.010947	2.5
1456	-0.018782	121.514144	0.003612	2.5
1457	-0.335596	121.467342	0.009158	2.5
1458	-0.009957	121.420588	0.001966	2.5
1459	-0.393829	121.373882	0.005799	3.6
1460	-0.091654	121.327223	0.012080	3.3
1461	-0.081316	121.280613	0.010408	3.0
1462	-0.156667	121.234050	0.006590	3.1
1463	-0.003940	121.187535	0.001108	3.3
1464	-0.232066	121.141067	0.008324	3.6
1465	-0.056070	121.094647	0.007704	3.4
1466	-0.443232	121.048274	0.007988	3.5
1467	-0.315106	121.001949	0.007544	3.0
1468	-0.063025	120.955671	0.010674	2.7
1469	-0.007413	120.909440	0.003113	2.5
1470	-0.244242	120.863256	0.003873	3.6
1471	-0.018259	120.817119	0.002254	5.3
1472	-0.043502	120.771029	0.007562	6.4
1473	-0.120795	120.724986	0.005798	4.7
1474	-0.067068	120.678990	0.008156	5.2
1475	-0.505507	120.633040	0.008046	5.9
1476	-0.016184	120.587137	0.003994	6.2
1477	-0.088195	120.541281	0.012003	3.5
1478	-0.082824	120.495471	0.005519	7.5
1479	-0.118797	120.449707	0.006374	4.5
1480	-0.088198	120.403990	0.011307	2.8
1481	-0.050126	120.358319	0.003419	2.6
1482	-0.407178	120.312694	0.009284	2.5
1483	-0.122612	120.267115	0.006885	2.4
1484	-0.340599	120.221582	0.005082	2.5
1485	-0.278098	120.176096	0.004972	3.0
1486	-0.058407	120.130655	0.006570	2.7
1487	-0.146515	120.085260	0.009623	2.5
1488	-0.046447	120.039910	0.002132	2.5
1489	-0.010350	119.994606	0.003590	2.5
1490	-0.011333	119.949348	0.002569	2.6
1491	-0.273762	119.904135	0.005955	3.2
1492	-0.426466	119.858968	0.008102	2.9
1493	-0.416981	119.813846	0.004241	2.5
1494	-0.152973	119.768769	0.006999	2.5
1495	-0.016802	119.723738	0.002006	2.6
1496	-0.058924	119.678752	0.004651	2.6
1497	-0.190391	119.633810	0.004342	3.3
1498	-0.089159	119.588914	0.010227	2.8
1499	-0.137716	119.544062	0.012089	2.8
1500	-0.085533	119.499256	0.007522	2.5
1501	-0.112488	119.454494	0.015241	2.7
1502	-0.085641	119.409777	0.002813	2.8
1503	-0.005586	119.365104	0.001855	3.1
1504	-0.010498	119.320476	0.002425	2.8
1505	-0.017598	119.275893	0.003429	2.9
1506	-0.249230	119.231353	0.007683	2.7
1507	-0.034424	119.186859	0.005149	2.7
1508	-0.353423	119.142408	0.006065	2.9
1509	-0.350280	119.098002	0.011983	3.0
1510	-0.513253	119.053639	0.009576	2.8
1511	-0.074564	119.009321	0.008239	2.8
1512	-0.039870	118.965047	0.002277	2.7
1513	-0.006743	118.920816	0.003054	2.7
1514	-0.307118	118.876630	0.005052	2.8
1515	-0.255011	118.832487	0.004610	3.2
1516	-0.166265	118.788388	0.011024	2.6
1517	-0.014831	118.744332	0.003100	2.6
1518	-0.273735	118.700320	0.011123	2.6
1519	-0.114289	118.656352	0.005076	2.8
1520	-0.023324	118.612427	0.003301	2.8
1521	-0.041691	118.568545	0.002112	3.0
1522	-0.479698	118.524706	0.007135	2.6
1523	-0.209064	118.480911	0.013313	2.7
1524	-0.295973	118.437159	0.004435	2.8
1525	-0.012640	118.393450	0.001631	2.9
1526	-0.103981	118.349784	0.011500	3.0
1527	-0.211162	118.306160	0.006509	3.3
1528	-0.183906	118.262580	0.005827	2.8
1529	-0.009455	118.219042	0.001744	2.8
1530	-0.193427	118.175548	0.010079	2.8
1531	-0.013792	118.132095	0.002799	2.7
1532	-0.085291	118.088686	0.011575	3.4
1533	-0.003872	118.045319	0.002438	2.8
1534	-0.035119	118.001994	0.003876	2.8
1535	-0.400871	117.958712	0.008438	2.8
1536	-0.088519	117.915472	0.012047	2.9
1537	-0.081238	117.872274	0.014191	3.1
1538	-0.287963	117.829118	0.006172	3.2
1539	-0.154943	117.786005	0.015238	2.8
1540	-0.013572	117.742933	0.004966	2.9
1541	-0.125756	117.699904	0.004706	3.0
1542	-0.005751	117.656916	0.001799	2.8
1543	-0.505726	117.613971	0.007342	3.5
1544	-0.430540	117.571067	0.007562	2.6
1545	-0.018243	117.528205	0.002742	2.7
1546	-0.342341	117.485384	0.009680	2.8
1547	-0.079175	117.442605	0.011535	2.8
1548	-0.235565	117.399867	0.008716	2.9
1549	-0.076413	117.357171	0.007123	2.6
1550	-0.062788	117.314517	0.010546	2.7
1551	-0.007409	117.271903	0.001860	2.6
1552	-0.034211	117.229331	0.007023	2.8
1553	-0.215797	117.186800	0.004157	3.5
1554	-0.227488	117.144311	0.005487	2.9
1555	-0.325130	117.101862	0.006138	2.7
1556	-0.009307	117.059454	0.001246	2.5
1557	-0.281255	117.017087	0.008471	2.6
1558	-0.080892	116.974762	0.011276	2.6
1559	-0.487978	116.932476	0.007081	3.5
1560	-0.020427	116.890232	0.002725	3.1
1561	-0.342307	116.848028	0.012777	2.8
1562	-0.430227	116.805865	0.010739	2.7
1563	-0.199724	116.763743	0.013629	2.7
1564	-0.114954	116.721661	0.011175	2.8
1565	-0.115216	116.679619	0.012124	3.1
1566	-0.054102	116.637618	0.007465	2.5
1567	-0.004421	116.595657	0.001500	2.8
1568	-0.408681	116.553736	0.009134	2.8
1569	-0.108184	116.511855	0.013189	2.7
1570	-0.096088	116.470015	0.011867	2.8
1571	-0.493380	116.428214	0.006953	3.1
1572	-0.014602	116.386454	0.001563	2.9
1573	-0.339585	116.344733	0.012922	2.8
1574	-0.051477	116.303052	0.009485	2.8
1575	-0.257519	116.261412	0.008419	2.6
1576	-0.385653	116.219810	0.011066	2.8
1577	-0.003302	116.178249	0.001059	3.0
1578	-0.682269	116.136727	0.008518	2.9
1579	-0.398018	116.095245	0.006131	2.8
1580	-0.030320	116.053802	0.008417	2.8
1581	-0.133042	116.012398	0.003350	2.8
1582	-0.058509	115.971034	0.003814	2.9
1583	-0.185978	115.929710	0.007524	2.9
1584	-0.088321	115.888424	0.009030	2.6
1585	-0.029639	115.847178	0.002476	2.6
1586	-0.506382	115.805970	0.004986	2.5
1587	-0.231473	115.764802	0.008667	2.7
1588	-0.365876	115.723673	0.005599	3.2
1589	-0.039530	115.682583	0.003533	3.2
1590	-0.595639	115.641532	0.009992	3.2
1591	-0.352351	115.600519	0.005151	3.3
1592	-0.024919	115.559546	0.002059	2.8
1593	-0.318460	115.518610	0.004109	2.9
1594	-0.008502	115.477714	0.002298	3.2
1595	-0.013832	115.436856	0.002452	3.0
1596	-0.079062	115.396037	0.008231	2.5
1597	-0.246852	115.355256	0.003786	2.5
1598	-0.607335	115.314514	0.008425	2.5
1599	-0.370529	115.273810	0.006177	2.8
1600	-0.235009	115.233144	0.010899	2.9
1601	-0.583853	115.192517	0.007155	2.6
1602	-0.104425	115.151927	0.006596	2.5
1603	-0.163497	115.111376	0.008185	2.8
1604	-0.033202	115.070863	0.003638	2.6
1605	-0.016086	115.030388	0.002277	2.7
1606	-0.306120	114.989951	0.009624	3.0
1607	-0.157066	114.949551	0.008812	2.5
1608	-0.312292	114.909190	0.009652	2.5
1609	-0.061763	114.868866	0.005640	2.5
1610	-0.361330	114.828580	0.007351	2.6
1611	-0.272916	114.788332	0.009368	2.6
1612	-0.061463	114.748121	0.005936	3.0
1613	-0.072587	114.707948	0.004991	2.5
1614	-0.011435	114.667812	0.003782	2.8
1615	-0.438202	114.627714	0.004219	2.4
1616	-0.048050	114.587653	0.006733	2.5
1617	-0.071603	114.547629	0.007902	2.7
1618	-0.200795	114.507643	0.008288	3.0
1619	-0.086605	114.467693	0.010441	2.6
1620	-0.230089	114.427781	0.004418	2.5
1621	-0.378324	114.387907	0.007449	2.5
1622	-0.321904	114.348069	0.005406	2.5
1623	-0.278812	114.308268	0.005447	2.5
1624	-0.414637	114.268504	0.006692	2.7
1625	-0.300501	114.228777	0.005595	2.9
1626	-0.022770	114.189086	0.004433	2.9
1627	-0.052782	114.149433	0.008843	2.6
1628	-0.211983	114.109816	0.005331	2.8
1629	-0.363575	114.070235	0.007448	2.8
1630	-0.041397	114.030692	0.004886	2.9
1631	-0.174585	113.991185	0.009677	3.1
1632	-0.317152	113.951714	0.006626	2.7
1633	-0.010141	113.912280	0.002631	2.8
1634	-0.193536	113.872882	0.008824	2.5
1635	-0.271941	113.833521	0.004718	3.0
1636	-0.325188	113.794195	0.004561	3.2
1637	-0.435156	113.754906	0.006571	2.7
1638	-0.081974	113.715653	0.010652	9.6
1639	-0.005173	113.676437	0.001249	14.3
1640	-0.034080	113.637256	0.002601	6.2
1641	-0.068556	113.598111	0.015586	3.1
1642	-0.177473	113.559002	0.011635	6.4
1643	-0.707658	113.519929	0.012685	4.5
1644	-0.032922	113.480892	0.006199	3.4
1645	-0.044798	113.441891	0.006687	2.8
1646	-0.014837	113.402925	0.001599	2.8
1647	-0.142298	113.363995	0.011816	2.8
1648	-0.153489	113.325101	0.005848	2.5
1649	-0.029098	113.286242	0.005554	2.8
1650	-0.327352	113.247419	0.012945	3.1
1651	-0.224010	113.208631	0.014068	2.9
1652	-0.032966	113.169879	0.006709	2.7
1653	-0.056820	113.131162	0.007544	2.6
1654	-0.303820	113.092480	0.005362	2.6
1655	-0.008988	113.053833	0.000922	2.8
1656	-0.195231	113.015222	0.012911	3.2
1657	-0.070451	112.976646	0.010095	2.7
1658	-0.335335	112.938105	0.004462	2.8
1659	-0.090847	112.899599	0.013087	2.6
1660	-0.017035	112.861128	0.001294	2.7
1661	-0.672945	112.822692	0.010988	3.1
1662	-0.613203	112.784291	0.009297	3.0
1663	-0.376851	112.745924	0.009482	2.6
1664	-0.012600	112.707593	0.005918	2.6
1665	-0.101722	112.669296	0.007651	2.6
1666	-0.067394	112.631034	0.004269	2.8
1667	-0.012941	112.592806	0.001811	2.8
1668	-0.065136	112.554613	0.009673	3.1
1669	-0.426227	112.516455	0.010333	2.8
1670	-0.324180	112.478331	0.007208	2.9
1671	-0.323407	112.440241	0.008044	2.8
1672	-0.047277	112.402186	0.008187	2.6
1673	-0.114248	112.364165	0.007944	3.3
1674	-0.520430	112.326179	0.007436	2.8
1675	-0.009216	112.288227	0.001939	2.8
1676	-0.215700	112.250309	0.013460	2.9
1677	-0.096187	112.212425	0.007939	2.9
1678	-0.223363	112.174575	0.005291	2.7
1679	-0.146176	112.136759	0.011231	3.2
1680	-0.102768	112.098977	0.010276	2.7
1681	-0.075114	112.061229	0.011559	2.9
1682	-0.062899	112.023515	0.012017	2.7
1683	-0.471742	111.985834	0.009458	2.7
1684	-0.544797	111.948188	0.007339	3.0
1685	-0.015769	111.910575	0.001312	3.1
1686	-0.447360	111.872996	0.006117	3.0
1687	-0.101054	111.835450	0.012189	2.8
1688	-0.084278	111.797939	0.006007	2.8
1689	-0.531994	111.760460	0.008366	2.7
1690	-0.286369	111.723015	0.008321	3.4
1691	-0.414686	111.685604	0.011048	3.7
1692	-0.085405	111.648226	0.004358	3.0
1693	-0.368930	111.610881	0.006231	2.9
1694	-0.019337	111.573570	0.001515	2.9
1695	-0.624401	111.536292	0.009974	3.2
1696	-0.047478	111.499047	0.007111	3.2
1697	-0.072418	111.461835	0.012826	2.7
1698	-0.481913	111.424656	0.008681	2.6
1699	-0.380523	111.387510	0.007522	2.7
1700	-0.082454	111.350398	0.015665	2.9
1701	-0.085710	111.313318	0.011198	3.3
1702	-0.482929	111.276271	0.010243	3.5
1703	-0.328465	111.239257	0.004356	2.7
1704	-0.047346	111.202276	0.008828	3.5
1705	-0.055824	111.165328	0.007639	3.5
1706	-0.218106	111.128412	0.010111	3.4
1707	-0.104594	111.091529	0.008276	3.0
1708	-0.073964	111.054679	0.004277	2.9
1709	-0.089106	111.017861	0.005025	2.6
1710	-0.040706	110.981076	0.005724	2.8
1711	-0.215452	110.944323	0.010813	2.8
1712	-0.533781	110.907603	0.007562	3.1
1713	-0.546991	110.870915	0.008491	2.8
1714	-0.597607	110.834259	0.009269	2.8
1715	-0.097219	110.797636	0.011104	2.8
1716	-0.389312	110.761045	0.006334	2.8
1717	-0.012861	110.724486	0.003546	2.8
1718	-0.056167	110.687959	0.005147	2.9
1719	-0.037822	110.651465	0.003489	2.9
1720	-0.315413	110.615002	0.007138	2.8
1721	-0.038401	110.578572	0.008917	2.9
1722	-0.151799	110.542173	0.004254	2.8
1723	-0.656375	110.505807	0.009226	2.8
1724	-0.058930	110.469472	0.009022	3.1
1725	-0.217638	110.433169	0.007873	2.8
1726	-0.090460	110.396898	0.010458	2.6
1727	-0.005199	110.360659	0.001652	2.8
1728	-0.144525	110.324451	0.007144	2.8
1729	-0.157111	110.288276	0.006269	3.1
1730	-0.491879	110.252131	0.009604	3.0
1731	-0.014807	110.216019	0.004253	2.8
1732	-0.012683	110.179937	0.004397	2.7
1733	-0.077956	110.143888	0.012675	2.8
1734	-0.039178	110.107869	0.005397	2.8
1735	-0.061317	110.071882	0.009523	3.2
1736	-0.360965	110.035927	0.015003	2.7
1737	-0.164387	110.000003	0.010258	2.7
1738	-0.225137	109.964110	0.005225	2.5
1739	-0.208194	109.928248	0.010829	2.8
1740	-0.005623	109.892417	0.001148	2.8
1741	-0.084525	109.856618	0.010139	3.3
1742	-0.109055	109.820850	0.007977	2.8
1743	-0.056041	109.785112	0.009043	3.3
1744	-0.010581	109.749406	0.002888	2.8
1745	-0.060577	109.713730	0.003856	2.7
1746	-0.079089	109.678086	0.011234	2.8
1747	-0.647069	109.642472	0.008437	3.4
1748	-0.124427	109.606890	0.005759	2.9
1749	-0.137928	109.571337	0.014637	3.0
1750	-0.027222	109.535816	0.006209	2.7
1751	-0.487706	109.500326	0.007184	2.8
1752	-0.012010	109.464866	0.003265	3.5
1753	-0.368835	109.429436	0.005906	2.8
1754	-0.538356	109.394038	0.008438	2.9
1755	-0.271353	109.358669	0.008470	2.9
1756	-0.242241	109.323331	0.006221	2.8
1757	-0.003603	109.288024	0.000914	3.1
1758	-0.554083	109.252747	0.009034	3.2
1759	-0.353609	109.217501	0.005170	2.8
1760	-0.014449	109.182284	0.003056	3.1
1761	-0.120855	109.147098	0.006558	3.4
1762	-0.029102	109.111942	0.003776	3.7
1763	-0.284109	109.076817	0.010408	3.6
1764	-0.062610	109.041721	0.007743	3.1
1765	-0.269286	109.006656	0.006080	2.9
1766	-0.107534	108.971620	0.013110	2.9
1767	-0.013694	108.936615	0.003282	2.9
1768	-0.054082	108.901640	0.007558	3.5
1769	-0.007628	108.866694	0.001352	2.9
1770	-0.225267	108.831779	0.005323	3.0
1771	-0.150978	108.796893	0.011985	2.8
1772	-0.032037	108.762037	0.001616	2.8
1773	-0.442624	108.727211	0.007160	3.0
1774	-0.339213	108.692415	0.003699	3.4
1775	-0.414595	108.657648	0.007717	2.8
1776	-0.474474	108.622911	0.007444	2.8
1777	-0.187297	108.588203	0.013554	3.1
1778	-0.007553	108.553525	0.001361	2.9
1779	-0.153238	108.518877	0.006121	3.4
1780	-0.174992	108.484258	0.010118	2.9
1781	-0.074475	108.449668	0.005718	2.9
1782	-0.334660	108.415108	0.006285	2.9
1783	-0.076414	108.380578	0.013234	2.8
1784	-0.416605	108.346076	0.008450	3.1
1785	-0.148358	108.311604	0.012166	3.2
1786	-0.102573	108.277161	0.007187	2.9
1787	-0.088024	108.242747	0.015237	2.8
1788	-0.102207	108.208363	0.004331	2.7
1789	-0.097556	108.174007	0.008034	2.7
1790	-0.281152	108.139681	0.004044	2.9
1791	-0.358677	108.105383	0.007560	3.1
1792	-0.002740	108.071115	0.001125	3.2
1793	-0.350684	108.036875	0.005716	3.1
1794	-0.160970	108.002665	0.009511	3.4
1795	-0.052238	107.968483	0.008346	3.6
1796	-0.128129	107.934330	0.009307	3.7
1797	-0.418407	107.900206	0.011915	3.7
1798	-0.202988	107.866111	0.006058	3.2
1799	-0.321820	107.832044	0.006857	3.3
1800	-0.084635	107.798007	0.005076	3.5
1801	-0.077727	107.763997	0.013889	3.4
1802	-0.018333	107.730017	0.005439	3.5
1803	-0.454662	107.696065	0.009748	3.5
1804	-0.478749	107.662141	0.008957	3.3
1805	-0.040324	107.628246	0.003520	3.7
1806	-0.067907	107.594379	0.010500	3.5
1807	-0.441148	107.560541	0.013017	3.3
1808	-0.109175	107.526731	0.008035	3.0
1809	-0.062358	107.492949	0.009572	3.5
1810	-0.201376	107.459196	0.005434	3.9
1811	-0.080417	107.425471	0.012750	3.7
1812	-0.658292	107.391774	0.012742	3.7
1813	-0.095181	107.358106	0.012553	3.5
1814	-0.433563	107.324465	0.009356	3.4
1815	-0.108221	107.290853	0.004197	4.0
1816	-0.621946	107.257268	0.006111	3.4
1817	-0.628244	107.223712	0.010295	3.2
1818	-0.046574	107.190184	0.002158	3.4
1819	-0.503907	107.156683	0.008911	3.7
1820	-0.673147	107.123211	0.010439	3.4
1821	-0.401539	107.089766	0.008646	3.1
1822	-0.026424	107.056349	0.001939	3.1
1823	-0.018621	107.022960	0.001687	3.2
1824	-0.083405	106.989599	0.013594	4.0
1825	-0.325055	106.956265	0.007534	3.5
1826	-0.113198	106.922960	0.008060	4.2
1827	-0.419279	106.889681	0.010105	4.1
1828	-0.254781	106.856431	0.007400	4.2
1829	-0.369172	106.823208	0.008620	3.6
1830	-0.026280	106.790012	0.002467	3.4
1831	-0.149489	106.756844	0.007710	3.5
1832	-0.003460	106.723703	0.001510	3.4
1833	-0.690981	106.690590	0.009315	3.9
1834	-0.085852	106.657505	0.011755	3.7
1835	-0.002246	106.624446	0.000736	3.4
1836	-0.040740	106.591415	0.004131	3.4
1837	-0.049538	106.558411	0.005311	3.4
1838	-0.452610	106.525435	0.004454	3.9
1839	-0.051132	106.492485	0.008233	3.4
1840	-0.037905	106.459563	0.005024	3.4
1841	-0.286539	106.426668	0.005329	3.4
1842	-0.003960	106.393800	0.001711	4.0
1843	-0.073117	106.360959	0.008433	3.5
1844	-0.616907	106.328145	0.009437	3.4
1845	-0.651293	106.295358	0.010301	3.5
1846	-0.014875	106.262598	0.001296	3.6
1847	-0.335893	106.229865	0.006840	3.6
1848	-0.004038	106.197158	0.001510	3.4
1849	-0.006765	106.164479	0.002761	3.4
1850	-0.084846	106.131826	0.007711	3.5
1851	-0.319661	106.099201	0.007655	4.0
1852	-0.087363	106.066602	0.007134	3.6
1853	-0.047940	106.034029	0.003465	3.8
1854	-0.137539	106.001483	0.003934	3.6
1855	-0.291428	105.968964	0.003624	3.4
1856	-0.133561	105.936472	0.014411	3.9
1857	-0.141245	105.904006	0.004372	3.2
1858	-0.017234	105.871566	0.002540	3.2
1859	-0.063728	105.839153	0.008744	3.2
1860	-0.172550	105.806767	0.010132	3.4
1861	-0.047420	105.774407	0.006040	4.0
1862	-0.013467	105.742073	0.002276	4.5
1863	-0.114906	105.709766	0.012956	4.5
1864	-0.034836	105.677485	0.005195	3.7
1865	-0.087205	105.645230	0.006191	4.0
1866	-0.075209	105.613001	0.013210	3.4
1867	-0.076857	105.580799	0.010856	3.3
1868	-0.236446	105.548623	0.007023	2.8
1869	-0.299083	105.516473	0.009274	2.8
1870	-0.075855	105.484349	0.010210	3.5
1871	-0.042181	105.452251	0.007618	3.0
1872	-0.421337	105.420179	0.007605	3.4
1873	-0.089615	105.388133	0.006111	3.3
1874	-0.039735	105.356113	0.008504	3.4
1875	-0.012124	105.324119	0.003557	3.8
1876	-0.477973	105.292151	0.005967	3.2
1877	-0.205306	105.260209	0.006530	3.1
1878	-0.055218	105.228293	0.005972	3.1
1879	-0.266115	105.196402	0.007553	3.1
1880	-0.109255	105.164537	0.014192	4.2
1881	-0.105547	105.132698	0.005515	3.0
1882	-0.164705	105.100885	0.016005	2.9
1883	-0.061641	105.069097	0.008409	2.9
1884	-0.300464	105.037335	0.005075	3.1
1885	-0.375875	105.005598	0.007615	29.6
1886	-0.543058	104.973887	0.008145	11.0
1887	-0.457443	104.942202	0.013025	4.9
1888	-0.102551	104.910542	0.009975	3.0
1889	-0.221844	104.878907	0.006007	3.2
1890	-0.039768	104.847298	0.001797	3.2
1891	-0.443799	104.815715	0.007163	3.1
1892	-0.380319	104.784156	0.009666	3.1
1893	-0.246276	104.752623	0.009282	2.8
1894	-0.118265	104.721116	0.004705	3.0
1895	-0.069665	104.689633	0.014539	3.6
1896	-0.359533	104.658176	0.006609	2.9
1897	-0.130493	104.626744	0.012930	2.9
1898	-0.450698	104.595337	0.009916	2.9
1899	-0.424418	104.563955	0.006616	2.9
1900	-0.126920	104.532599	0.005571	3.7
1901	-0.396479	104.501267	0.004937	3.0
1902	-0.102015	104.469960	0.011560	2.8
1903	-0.029082	104.438679	0.002990	2.8
1904	-0.023353	104.407422	0.001553	2.9
1905	-0.458392	104.376191	0.010269	3.1
1906	-0.101554	104.344984	0.011698	3.4
1907	-0.138607	104.313802	0.006899	2.9
1908	-0.057739	104.282645	0.008126	3.0
1909	-0.027239	104.251513	0.002639	3.4
1910	-0.070000	104.220405	0.008152	3.4
1911	-0.008324	104.189323	0.002409	4.1
1912	-0.552824	104.158265	0.009079	4.8
1913	-0.487408	104.127231	0.008489	3.2
1914	-0.062941	104.096222	0.008804	3.1
1915	-0.079005	104.065238	0.009884	3.5
1916	-0.048346	104.034279	0.009186	4.9
1917	-0.721741	104.003344	0.010728	3.0
1918	-0.062045	103.972433	0.002848	2.9
1919	-0.141688	103.941547	0.012047	2.8
1920	-0.391410	103.910686	0.014460	3.2
1921	-0.266304	103.879849	0.005120	3.0
1922	-0.254014	103.849036	0.006850	2.9
1923	-0.117738	103.818248	0.010568	2.8
1924	-0.024950	103.787484	0.002513	2.6
1925	-0.112160	103.756744	0.009651	2.6
1926	-0.181787	103.726029	0.005272	3.0
1927	-0.009985	103.695338	0.001576	2.6
1928	-0.155813	103.664671	0.010348	2.5
1929	-0.303551	103.634028	0.004226	2.5
1930	-0.400044	103.603409	0.005157	2.6
1931	-0.057740	103.572814	0.008881	2.5
1932	-0.367084	103.542244	0.009354	2.9
1933	-0.009213	103.511698	0.001880	2.8
1934	-0.478403	103.481175	0.006202	2.7
1935	-0.020205	103.450677	0.002267	2.5
1936	-0.282861	103.420202	0.004065	2.8
1937	-0.625457	103.389752	0.013302	2.5
1938	-0.381247	103.359325	0.008178	2.7
1939	-0.356774	103.328922	0.011472	2.9
1940	-0.409937	103.298543	0.006775	2.6
1941	-0.360084	103.268188	0.006192	2.5
1942	-0.353514	103.237857	0.009397	2.5
1943	-0.173420	103.207549	0.006952	2.5
1944	-0.014390	103.177265	0.004212	2.5
1945	-0.098284	103.147005	0.014054	3.2
1946	-0.144467	103.116768	0.003790	2.5
1947	-0.229330	103.086556	0.007122	2.6
1948	-0.102668	103.056366	0.006719	2.6
1949	-0.015523	103.026200	0.001787	2.5
1950	-0.017144	102.996058	0.004779	2.8
1951	-0.179329	102.965939	0.014408	3.1
1952	-0.111484	102.935844	0.005999	2.6
1953	-0.104921	102.905772	0.004169	2.6
1954	-0.297418	102.875724	0.004325	2.6
1955	-0.047891	102.845699	0.003928	2.5
1956	-0.034039	102.815697	0.003652	2.8
1957	-0.378421	102.785719	0.008506	2.9
1958	-0.013213	102.755764	0.002981	2.5
1959	-0.217737	102.725832	0.006408	2.5
1960	-0.030873	102.695924	0.004270	2.6
1961	-0.332550	102.666038	0.005915	2.7
1962	-0.070378	102.636176	0.015947	2.7
1963	-0.073091	102.606337	0.009464	3.0
1964	-0.043095	102.576521	0.010432	2.6
1965	-0.217040	102.546728	0.010429	3.1
1966	-0.060758	102.516959	0.012024	3.1
1967	-0.086802	102.487212	0.013525	3.0
1968	-0.006312	102.457488	0.001498	3.4
1969	-0.473157	102.427788	0.007054	3.7
1970	-0.632050	102.398110	0.010195	2.9
1971	-0.249502	102.368455	0.006853	2.7
1972	-0.367948	102.338823	0.008328	2.7
1973	-0.046910	102.309214	0.002417	2.7
1974	-0.197790	102.279628	0.011161	3.2
1975	-0.232537	102.250064	0.005719	3.0
1976	-0.178806	102.220524	0.005777	2.5
1977	-0.020611	102.191006	0.002532	2.6
1978	-0.025911	102.161511	0.002978	2.7
1979	-0.352654	102.132038	0.009910	2.8
1980	-0.085873	102.102588	0.005618	3.3
1981	-0.042084	102.073161	0.004485	2.5
1982	-0.555122	102.043757	0.009736	2.6
1983	-0.188115	102.014375	0.008005	2.5
1984	-0.233264	101.985015	0.009382	3.2
1985	-0.443131	101.955678	0.010533	3.1
1986	-0.507543	101.926364	0.007853	3.4
1987	-0.129717	101.897072	0.007450	3.0
1988	-0.412189	101.867802	0.005131	3.0
1989	-0.485174	101.838555	0.007079	2.8
1990	-0.090134	101.809330	0.008716	2.8
1991	-0.413328	101.780128	0.007141	3.1
1992	-0.164885	101.750948	0.005578	3.3
1993	-0.353333	101.721790	0.007684	2.7
1994	-0.697560	101.692654	0.010122	2.8
1995	-0.335319	101.663541	0.004836	2.9
1996	-0.132371	101.634450	0.009359	2.6
1997	-0.485322	101.605381	0.010458	3.3
1998	-0.066820	101.576335	0.003279	2.7
1999	-0.025898	101.547310	0.006261	2.5
