1:ItNr	2:Metric	3:StepSize	4:||Gradient||	Time[ms]
0	-0.255163	627.201626	0.008899	2216.6
1	-0.087685	623.504937	0.008344	3.3
2	-0.404988	619.865785	0.006647	3.6
3	-0.082886	616.282728	0.012215	3.2
4	-0.181986	612.754375	0.009585	3.5
5	-0.179815	609.279381	0.006890	3.8
6	-0.027916	605.856447	0.005020	5.6
7	-0.110204	602.484317	0.013227	5.6
8	-0.056340	599.161779	0.005498	6.0
9	-0.107774	595.887656	0.013650	7.1
10	-0.124387	592.660813	0.007811	4.0
11	-0.079600	589.480151	0.005136	3.7
12	-0.164130	586.344606	0.005735	5.0
13	-0.090521	583.253145	0.011518	6.5
14	-0.321128	580.204771	0.008879	3.9
15	-0.036704	577.198517	0.007872	3.2
16	-0.072237	574.233444	0.011333	4.5
17	-0.271224	571.308645	0.006707	3.2
18	-0.020280	568.423237	0.004653	3.4
19	-0.096572	565.576365	0.014690	3.5
20	-0.175870	562.767201	0.007502	2.9
21	-0.007457	559.994938	0.002725	5.5
22	-0.061458	557.258797	0.002865	3.1
23	-0.217834	554.558018	0.004482	3.7
24	-0.525882	551.891865	0.010708	3.0
25	-0.475041	549.259621	0.006787	4.1
26	-0.043234	546.660592	0.007579	3.2
27	-0.295378	544.094102	0.011809	3.1
28	-0.335083	541.559494	0.007227	3.5
29	-0.221650	539.056129	0.008352	3.1
30	-0.003304	536.583387	0.001035	3.3
31	-0.111763	534.140663	0.011147	3.1
32	-0.026061	531.727370	0.006867	3.0
33	-0.432881	529.342935	0.005762	3.5
34	-0.354128	526.986802	0.007233	3.3
35	-0.049850	524.658430	0.006717	3.4
36	-0.334504	522.357290	0.009391	3.8
37	-0.044150	520.082868	0.008201	3.4
38	-0.037297	517.834665	0.007852	3.4
39	-0.045320	515.612193	0.007309	3.2
40	-0.075435	513.414976	0.009397	3.7
41	-0.358860	511.242551	0.007885	3.7
42	-0.076081	509.094468	0.003664	4.8
43	-0.301148	506.970285	0.005054	3.2
44	-0.067900	504.869574	0.009011	3.4
45	-0.529137	502.791916	0.009898	3.6
46	-0.234342	500.736903	0.006777	5.0
47	-0.358993	498.704137	0.011016	3.4
48	-0.319373	496.693228	0.006967	3.0
49	-0.014391	494.703798	0.002557	3.8
50	-0.032201	492.735476	0.006066	3.2
51	-0.110114	490.787900	0.009119	3.7
52	-0.066637	488.860718	0.009079	3.4
53	-0.169519	486.953585	0.007092	3.9
54	-0.064581	485.066164	0.007641	3.4
55	-0.323326	483.198126	0.010204	3.2
56	-0.010656	481.349149	0.002766	3.6
57	-0.051873	479.518920	0.001762	3.4
58	-0.302536	477.707132	0.008269	3.4
59	-0.256028	475.913485	0.005445	3.4
60	-0.084540	474.137684	0.009974	3.2
61	-0.085867	472.379445	0.013674	3.6
62	-0.421308	470.638485	0.009285	3.9
63	-0.018945	468.914531	0.003691	5.1
64	-0.033474	467.207315	0.007380	5.7
65	-0.075470	465.516573	0.002426	6.2
66	-0.181805	463.842050	0.008261	4.3
67	-0.059667	462.183494	0.006651	4.4
68	-0.017415	460.540658	0.005464	6.0
69	-0.066693	458.913303	0.005232	4.7
70	-0.041519	457.301192	0.007254	3.2
71	-0.010845	455.704096	0.001041	3.5
72	-0.069074	454.121787	0.012381	4.0
73	-0.126839	452.554045	0.012193	4.7
74	-0.098872	451.000653	0.012714	3.8
75	-0.034013	449.461399	0.005730	4.2
76	-0.128369	447.936075	0.013369	3.8
77	-0.047283	446.424477	0.006427	3.4
78	-0.094999	444.926406	0.012813	3.7
79	-0.195130	443.441666	0.006230	3.5
80	-0.398011	441.970065	0.009369	4.3
81	-0.261162	440.511415	0.007117	3.3
82	-0.099562	439.065533	0.009951	3.8
83	-0.057357	437.632238	0.008709	3.2
84	-0.084051	436.211351	0.005676	3.8
85	-0.401242	434.802701	0.007809	3.4
86	-0.069853	433.406117	0.005811	3.3
87	-0.085953	432.021430	0.008530	3.8
88	-0.171817	430.648479	0.009016	3.4
89	-0.366435	429.287101	0.012999	3.7
90	-0.017460	427.937140	0.004358	3.7
91	-0.113129	426.598440	0.016446	3.6
92	-0.072111	425.270849	0.010631	4.3
93	-0.502793	423.954220	0.008471	3.7
94	-0.045133	422.648404	0.006446	3.3
95	-0.129535	421.353259	0.006625	3.4
96	-0.168926	420.068643	0.010360	3.6
97	-0.353825	418.794419	0.011662	3.7
98	-0.095072	417.530451	0.008307	3.8
99	-0.076084	416.276604	0.013820	3.2
100	-0.249188	415.032748	0.005893	4.8
101	-0.057583	413.798754	0.011122	4.0
102	-0.039050	412.574495	0.001645	4.4
103	-0.303926	411.359849	0.005359	3.3
104	-0.550368	410.154691	0.011318	3.5
105	-0.008965	408.958904	0.003507	4.0
106	-0.010152	407.772368	0.002248	4.2
107	-0.033784	406.594968	0.003116	3.8
108	-0.135744	405.426590	0.006199	3.6
109	-0.076998	404.267122	0.009869	7.1
110	-0.067302	403.116456	0.004267	5.9
111	-0.036179	401.974481	0.002102	4.3
112	-0.397220	400.841093	0.011484	4.3
113	-0.115359	399.716187	0.004430	4.1
114	-0.308181	398.599660	0.007336	5.3
115	-0.556074	397.491411	0.014758	5.9
116	-0.364073	396.391342	0.006987	8.4
117	-0.026603	395.299353	0.006228	7.3
118	-0.470946	394.215350	0.014210	7.9
119	-0.047180	393.139238	0.007392	8.8
120	-0.429764	392.070924	0.006955	6.1
121	-0.124769	391.010316	0.004108	7.2
122	-0.011719	389.957325	0.002309	9.2
123	-0.093259	388.911862	0.014121	6.9
124	-0.090507	387.873839	0.013390	11.9
125	-0.007449	386.843173	0.002658	8.5
126	-0.175468	385.819777	0.003436	5.2
127	-0.232054	384.803569	0.004533	5.9
128	-0.262833	383.794468	0.006530	12.2
129	-0.221011	382.792393	0.010236	7.0
130	-0.184850	381.797264	0.005693	5.9
131	-0.181544	380.809005	0.012997	4.0
132	-0.297336	379.827537	0.006444	3.4
133	-0.321069	378.852786	0.010233	3.9
134	-0.192859	377.884678	0.008766	3.6
135	-0.201926	376.923138	0.005466	4.3
136	-0.005902	375.968095	0.001575	3.6
137	-0.297584	375.019479	0.005621	3.9
138	-0.010827	374.077218	0.001474	4.0
139	-0.005037	373.141244	0.001672	4.0
140	-0.192737	372.211489	0.004072	4.1
141	-0.047645	371.287887	0.008746	3.7
142	-0.079693	370.370370	0.009067	3.9
143	-0.049966	369.458876	0.008240	3.6
144	-0.021958	368.553338	0.005949	3.9
145	-0.270938	367.653696	0.008694	3.5
146	-0.016100	366.759885	0.001600	4.0
147	-0.428946	365.871846	0.010155	3.8
148	-0.387212	364.989518	0.005817	6.7
149	-0.125370	364.112841	0.005602	10.2
150	-0.021161	363.241757	0.002269	5.5
151	-0.111236	362.376208	0.003914	4.1
152	-0.122278	361.516137	0.005578	4.4
153	-0.073212	360.661488	0.009434	5.8
154	-0.005285	359.812206	0.003602	3.9
155	-0.585538	358.968236	0.011524	4.9
156	-0.043297	358.129524	0.005001	5.2
157	-0.045199	357.296018	0.009583	4.8
158	-0.401972	356.467665	0.008762	4.1
159	-0.019539	355.644414	0.002181	5.3
160	-0.186917	354.826213	0.015816	6.9
161	-0.016229	354.013012	0.001573	7.6
162	-0.068374	353.204763	0.009893	5.6
163	-0.592145	352.401415	0.008971	5.4
164	-0.075057	351.602922	0.009793	5.3
165	-0.497132	350.809235	0.013487	5.9
166	-0.404925	350.020308	0.005705	5.6
167	-0.088423	349.236095	0.006514	4.9
168	-0.379706	348.456550	0.003722	5.0
169	-0.194490	347.681627	0.005691	4.6
170	-0.088525	346.911283	0.006255	4.7
171	-0.404366	346.145474	0.009703	4.4
172	-0.027737	345.384157	0.002752	5.3
173	-0.053384	344.627288	0.009203	3.8
174	-0.012232	343.874826	0.003263	4.2
175	-0.055308	343.126729	0.007735	3.9
176	-0.213382	342.382957	0.002815	4.5
177	-0.003154	341.643469	0.000797	3.7
178	-0.011759	340.908224	0.001357	4.5
179	-0.049755	340.177184	0.004828	4.2
180	-0.002207	339.450309	0.000835	4.5
181	-0.025302	338.727561	0.001650	3.7
182	-0.076325	338.008902	0.011243	4.3
183	-0.082103	337.294295	0.014469	4.8
184	-0.094440	336.583703	0.004906	5.2
185	-0.132709	335.877089	0.009489	4.1
186	-0.470121	335.174416	0.008604	4.4
187	-0.030121	334.475651	0.004309	4.3
188	-0.411629	333.780756	0.009788	4.1
189	-0.103823	333.089698	0.004638	4.0
190	-0.025332	332.402443	0.003457	4.4
191	-0.249742	331.718955	0.003960	4.2
192	-0.297887	331.039203	0.009103	4.1
193	-0.013818	330.363153	0.003135	4.1
194	-0.156805	329.690771	0.005580	4.3
195	-0.032655	329.022027	0.002142	4.3
196	-0.143091	328.356888	0.007634	4.2
197	-0.298710	327.695322	0.010262	4.0
198	-0.276298	327.037299	0.003602	4.1
199	-0.072627	326.382787	0.012802	4.2
200	-0.286799	325.731758	0.004445	4.0
201	-0.356683	325.084179	0.008047	3.8
202	-0.053481	324.440023	0.011325	4.5
203	-0.233584	323.799258	0.013300	4.6
204	-0.018704	323.161858	0.006328	3.8
205	-0.049019	322.527792	0.007493	4.0
206	-0.134317	321.897034	0.011466	4.1
207	-0.435109	321.269554	0.011657	4.4
208	-0.242101	320.645325	0.002181	4.2
209	-0.025940	320.024320	0.002051	4.0
210	-0.098587	319.406512	0.010174	4.4
211	-0.057521	318.791875	0.004776	6.8
212	-0.102669	318.180381	0.004530	13.2
213	-0.303309	317.572005	0.004554	8.1
214	-0.471513	316.966721	0.007201	5.5
215	-0.152394	316.364504	0.006414	5.4
216	-0.456336	315.765329	0.010669	4.3
217	-0.255420	315.169170	0.003463	5.3
218	-0.342195	314.576003	0.005909	4.9
219	-0.186084	313.985804	0.005995	4.1
220	-0.002512	313.398548	0.000709	7.3
221	-0.088477	312.814213	0.006796	6.7
222	-0.403003	312.232773	0.009800	6.2
223	-0.323821	311.654207	0.008555	6.3
224	-0.202549	311.078491	0.008480	5.0
225	-0.070650	310.505602	0.007037	4.5
226	-0.412208	309.935518	0.007140	5.2
227	-0.026908	309.368217	0.002005	4.5
228	-0.010362	308.803676	0.004581	5.8
229	-0.006477	308.241874	0.001897	4.9
230	-0.062591	307.682789	0.009822	6.7
231	-0.045615	307.126400	0.008341	5.0
232	-0.283736	306.572687	0.008042	5.0
233	-0.010009	306.021627	0.002347	7.8
234	-0.363152	305.473201	0.008778	9.5
235	-0.425347	304.927388	0.013994	12.8
236	-0.021717	304.384168	0.005564	9.3
237	-0.398237	303.843521	0.007799	5.9
238	-0.451377	303.305427	0.008806	7.8
239	-0.082505	302.769867	0.013768	6.6
240	-0.075990	302.236821	0.010022	7.3
241	-0.562950	301.706270	0.009578	8.7
242	-0.431104	301.178196	0.011140	5.5
243	-0.032172	300.652580	0.006407	6.9
244	-0.005206	300.129402	0.001082	6.4
245	-0.130370	299.608645	0.005172	11.7
246	-0.095702	299.090291	0.012137	8.1
247	-0.122672	298.574321	0.004794	6.9
248	-0.004660	298.060718	0.001286	4.6
249	-0.227003	297.549465	0.007261	5.3
250	-0.111595	297.040543	0.008815	6.4
251	-0.211443	296.533936	0.004745	4.5
252	-0.078856	296.029626	0.012077	5.1
253	-0.015576	295.527597	0.004021	17.3
254	-0.063341	295.027832	0.007067	10.0
255	-0.491186	294.530315	0.009504	8.0
256	-0.062307	294.035028	0.006440	6.7
257	-0.451210	293.541956	0.008532	4.9
258	-0.502714	293.051083	0.008797	5.7
259	-0.054467	292.562393	0.004598	14.8
260	-0.157036	292.075870	0.001300	12.3
261	-0.395700	291.591498	0.010216	7.2
262	-0.040236	291.109263	0.003900	5.4
263	-0.060004	290.629149	0.010003	4.7
264	-0.069515	290.151140	0.003499	5.0
265	-0.143566	289.675222	0.012665	5.1
266	-0.129998	289.201380	0.008302	4.5
267	-0.365616	288.729600	0.009297	5.6
268	-0.041389	288.259866	0.005768	5.4
269	-0.329717	287.792165	0.011017	4.5
270	-0.064296	287.326481	0.011049	6.3
271	-0.002991	286.862802	0.000955	6.3
272	-0.047495	286.401113	0.003705	5.0
273	-0.010027	285.941400	0.002643	4.5
274	-0.080427	285.483649	0.005291	5.9
275	-0.048325	285.027847	0.008501	9.0
276	-0.308692	284.573981	0.005150	5.4
277	-0.115467	284.122037	0.008336	4.6
278	-0.065707	283.672002	0.009542	6.3
279	-0.431444	283.223863	0.005415	5.5
280	-0.012580	282.777607	0.001469	4.5
281	-0.497401	282.333221	0.005664	4.3
282	-0.151184	281.890692	0.008404	4.2
283	-0.034583	281.450008	0.002360	5.0
284	-0.095474	281.011157	0.004606	3.9
285	-0.155214	280.574125	0.005811	4.4
286	-0.013791	280.138901	0.004108	4.4
287	-0.228105	279.705473	0.005690	4.5
288	-0.014110	279.273829	0.003333	4.0
289	-0.065925	278.843956	0.010991	4.8
290	-0.426736	278.415844	0.010889	5.2
291	-0.031616	277.989479	0.008561	3.9
292	-0.409154	277.564851	0.011398	5.4
293	-0.072714	277.141949	0.011398	4.2
294	-0.179212	276.720761	0.005976	26.9
295	-0.319986	276.301275	0.011176	35.1
296	-0.025532	275.883480	0.005557	6.9
297	-0.489564	275.467366	0.010936	8.7
298	-0.036546	275.052922	0.008376	6.7
299	-0.160631	274.640136	0.005840	4.5
300	-0.077994	274.228998	0.009862	4.1
301	-0.069335	273.819497	0.004542	4.3
302	-0.053416	273.411623	0.004030	5.4
303	-0.070559	273.005365	0.003615	7.2
304	-0.384614	272.600712	0.006361	4.5
305	-0.010710	272.197655	0.001819	4.9
306	-0.097344	271.796184	0.008528	3.7
307	-0.204816	271.396287	0.006333	4.0
308	-0.242614	270.997956	0.007425	4.6
309	-0.312125	270.601180	0.005578	5.2
310	-0.343242	270.205949	0.011514	3.9
311	-0.261990	269.812254	0.008574	4.4
312	-0.009564	269.420085	0.003787	4.5
313	-0.436645	269.029432	0.006459	5.1
314	-0.452906	268.640287	0.012758	3.9
315	-0.074292	268.252638	0.012236	4.4
316	-0.009745	267.866478	0.002224	4.3
317	-0.007204	267.481796	0.001998	6.0
318	-0.049851	267.098584	0.005978	5.3
319	-0.007987	266.716833	0.003596	6.9
320	-0.270852	266.336533	0.004997	4.4
321	-0.342402	265.957676	0.007077	5.2
322	-0.338715	265.580253	0.008735	8.9
323	-0.264229	265.204254	0.013369	16.3
324	-0.400200	264.829672	0.006575	7.0
325	-0.009216	264.456497	0.001908	6.5
326	-0.329975	264.084721	0.006336	5.0
327	-0.027816	263.714335	0.005080	4.7
328	-0.534594	263.345332	0.008703	4.1
329	-0.009954	262.977702	0.001393	4.8
330	-0.330295	262.611438	0.009527	3.8
331	-0.080202	262.246531	0.011911	4.0
332	-0.015580	261.882973	0.002074	4.1
333	-0.084493	261.520756	0.012921	5.6
334	-0.336341	261.159871	0.007908	4.6
335	-0.018289	260.800312	0.003438	4.8
336	-0.010918	260.442070	0.003108	6.7
337	-0.031826	260.085137	0.005067	5.0
338	-0.010481	259.729505	0.004352	4.1
339	-0.121091	259.375167	0.004913	5.2
340	-0.018320	259.022116	0.002599	4.8
341	-0.015351	258.670343	0.003345	4.4
342	-0.312103	258.319841	0.008663	6.2
343	-0.010562	257.970602	0.002115	4.8
344	-0.323481	257.622620	0.007618	3.9
345	-0.015790	257.275887	0.005345	4.3
346	-0.284603	256.930396	0.011362	4.4
347	-0.058806	256.586139	0.005242	4.1
348	-0.510215	256.243109	0.008108	4.0
349	-0.132401	255.901300	0.002979	4.2
350	-0.041964	255.560703	0.006460	4.5
351	-0.029104	255.221313	0.005373	4.0
352	-0.217553	254.883122	0.004183	4.2
353	-0.025467	254.546124	0.004278	4.4
354	-0.055316	254.210311	0.004182	4.3
355	-0.227942	253.875677	0.002379	4.4
356	-0.211609	253.542215	0.002607	4.4
357	-0.084510	253.209918	0.013614	4.2
358	-0.014105	252.878781	0.004176	4.6
359	-0.391529	252.548795	0.012755	4.1
360	-0.048426	252.219956	0.007620	4.4
361	-0.026116	251.892255	0.005338	7.0
362	-0.061602	251.565688	0.009503	14.1
363	-0.095812	251.240247	0.005298	5.4
364	-0.251126	250.915926	0.006634	4.8
365	-0.161672	250.592720	0.010286	5.0
366	-0.085134	250.270621	0.012775	4.9
367	-0.088211	249.949624	0.008307	3.9
368	-0.056137	249.629723	0.007129	4.2
369	-0.028643	249.310911	0.003814	3.9
370	-0.382621	248.993182	0.008561	4.5
371	-0.012820	248.676531	0.003185	3.9
372	-0.332921	248.360952	0.004611	4.2
373	-0.068589	248.046438	0.009063	4.4
374	-0.270897	247.732984	0.005837	4.8
375	-0.017407	247.420584	0.004602	4.0
376	-0.349182	247.109233	0.009783	4.4
377	-0.434663	246.798924	0.006514	4.1
378	-0.011235	246.489652	0.003141	4.6
379	-0.390326	246.181412	0.006407	4.1
380	-0.002904	245.874197	0.001304	4.3
381	-0.132395	245.568002	0.005989	4.8
382	-0.154566	245.262822	0.009531	4.5
383	-0.451064	244.958652	0.006979	4.6
384	-0.200800	244.655485	0.006573	4.5
385	-0.052231	244.353317	0.006067	4.8
386	-0.439060	244.052142	0.014232	3.9
387	-0.092621	243.751955	0.012895	4.7
388	-0.270449	243.452750	0.003890	4.3
389	-0.540061	243.154523	0.008463	4.4
390	-0.045891	242.857268	0.006997	3.9
391	-0.238312	242.560980	0.006172	4.3
392	-0.035553	242.265654	0.006374	4.5
393	-0.074179	241.971285	0.008938	4.7
394	-0.003862	241.677868	0.002200	3.9
395	-0.142592	241.385397	0.005575	4.2
396	-0.255596	241.093869	0.005108	4.0
397	-0.376210	240.803278	0.004966	4.2
398	-0.189451	240.513619	0.012203	3.7
399	-0.294353	240.224887	0.007918	4.3
400	-0.129223	239.937077	0.007996	4.4
401	-0.560412	239.650186	0.007509	4.0
402	-0.368086	239.364207	0.008808	4.0
403	-0.591869	239.079136	0.011101	4.7
404	-0.281629	238.794969	0.009571	4.1
405	-0.011058	238.511701	0.001794	4.2
406	-0.015526	238.229327	0.002994	3.9
407	-0.130355	237.947843	0.012694	4.2
408	-0.123719	237.667244	0.008936	4.2
409	-0.065625	237.387526	0.011982	4.1
410	-0.037783	237.108684	0.005181	3.9
411	-0.096810	236.830714	0.001822	5.1
412	-0.239168	236.553610	0.006647	4.5
413	-0.042476	236.277370	0.005042	3.9
414	-0.120701	236.001989	0.007230	3.9
415	-0.225970	235.727461	0.004601	4.0
416	-0.057608	235.453784	0.010932	4.5
417	-0.012697	235.180952	0.004957	4.3
418	-0.101312	234.908962	0.009087	4.9
419	-0.012174	234.637809	0.005360	3.8
420	-0.015996	234.367488	0.001730	4.6
421	-0.008242	234.097997	0.002771	3.9
422	-0.242662	233.829331	0.004515	4.6
423	-0.259531	233.561485	0.005296	5.5
424	-0.072037	233.294456	0.012162	4.3
425	-0.018927	233.028239	0.002090	4.1
426	-0.011943	232.762831	0.005022	4.1
427	-0.398620	232.498228	0.005308	4.8
428	-0.002982	232.234425	0.001618	4.0
429	-0.077416	231.971419	0.010528	4.2
430	-0.214949	231.709205	0.005512	4.1
431	-0.007649	231.447781	0.002943	4.6
432	-0.005636	231.187141	0.001612	3.8
433	-0.620533	230.927283	0.010054	4.1
434	-0.199706	230.668202	0.005278	4.8
435	-0.305452	230.409895	0.006818	5.3
436	-0.454751	230.152358	0.010545	3.8
437	-0.343560	229.895587	0.012485	4.2
438	-0.011350	229.639578	0.003927	3.7
439	-0.072693	229.384329	0.006835	4.5
440	-0.208673	229.129834	0.006344	3.8
441	-0.112965	228.876091	0.003972	4.4
442	-0.202395	228.623096	0.003309	5.0
443	-0.108725	228.370846	0.006345	5.0
444	-0.609562	228.119336	0.011730	4.9
445	-0.104610	227.868563	0.016116	5.4
446	-0.006178	227.618525	0.001976	5.0
447	-0.091145	227.369216	0.010122	4.4
448	-0.345680	227.120635	0.011698	5.0
449	-0.299811	226.872777	0.005902	5.8
450	-0.247334	226.625638	0.009126	4.1
451	-0.091688	226.379217	0.003268	5.2
452	-0.381555	226.133509	0.014912	7.0
453	-0.406234	225.888510	0.006565	4.7
454	-0.518786	225.644218	0.008762	5.4
455	-0.309267	225.400630	0.005008	5.9
456	-0.209857	225.157741	0.006752	4.0
457	-0.456151	224.915549	0.011418	4.1
458	-0.394871	224.674051	0.005415	3.9
459	-0.065349	224.433242	0.012272	4.9
460	-0.114564	224.193121	0.011390	3.7
461	-0.217333	223.953684	0.007094	4.2
462	-0.054635	223.714927	0.005770	4.1
463	-0.017347	223.476848	0.004816	4.6
464	-0.054984	223.239444	0.007634	3.9
465	-0.016429	223.002710	0.004268	4.2
466	-0.079839	222.766645	0.011299	4.4
467	-0.063216	222.531245	0.011584	4.5
468	-0.064722	222.296508	0.011321	3.8
469	-0.364391	222.062429	0.004703	4.5
470	-0.065223	221.829007	0.004947	4.3
471	-0.026786	221.596238	0.005130	4.5
472	-0.396639	221.364119	0.007309	3.9
473	-0.462842	221.132647	0.009741	4.5
474	-0.015805	220.901820	0.005119	4.4
475	-0.411651	220.671634	0.008015	4.0
476	-0.008110	220.442086	0.003242	3.7
477	-0.100176	220.213174	0.005232	4.4
478	-0.170786	219.984895	0.005332	4.5
479	-0.081012	219.757246	0.012273	4.2
480	-0.026142	219.530224	0.004125	4.0
481	-0.055479	219.303826	0.003221	4.5
482	-0.332836	219.078050	0.008924	5.5
483	-0.301511	218.852893	0.007259	4.2
484	-0.063663	218.628352	0.003347	4.0
485	-0.035741	218.404424	0.002898	4.0
486	-0.126721	218.181106	0.007720	7.5
487	-0.337882	217.958397	0.006212	6.5
488	-0.362295	217.736292	0.009427	7.7
489	-0.030213	217.514790	0.003546	5.1
490	-0.003991	217.293888	0.001580	4.6
491	-0.060899	217.073584	0.010971	4.6
492	-0.698978	216.853873	0.010116	4.1
493	-0.660541	216.634755	0.009409	4.1
494	-0.038984	216.416227	0.007177	4.1
495	-0.335669	216.198285	0.011521	4.8
496	-0.308610	215.980927	0.005777	4.1
497	-0.228801	215.764151	0.004774	4.0
498	-0.405350	215.547955	0.005091	4.0
499	-0.249425	215.332335	0.007714	5.2
500	-0.048304	215.117289	0.005881	3.7
501	-0.052339	214.902815	0.011230	4.0
502	-0.092327	214.688911	0.013619	4.2
503	-0.082039	214.475573	0.008903	5.0
504	-0.245059	214.262800	0.006332	3.8
505	-0.013000	214.050588	0.001836	4.3
506	-0.015979	213.838936	0.003891	3.8
507	-0.211636	213.627842	0.007836	4.3
508	-0.042182	213.417302	0.005252	3.9
509	-0.431233	213.207314	0.007413	4.5
510	-0.055328	212.997877	0.003773	4.6
511	-0.036896	212.788987	0.007770	4.8
512	-0.107831	212.580642	0.012879	4.0
513	-0.050564	212.372841	0.008643	4.3
514	-0.216102	212.165581	0.002903	4.6
515	-0.267861	211.958859	0.005362	4.2
516	-0.041610	211.752673	0.005672	3.9
517	-0.069358	211.547021	0.007744	4.3
518	-0.359865	211.341902	0.003578	4.5
519	-0.143751	211.137311	0.005004	4.0
520	-0.072469	210.933248	0.012240	4.0
521	-0.503780	210.729710	0.008584	4.3
522	-0.108806	210.526695	0.007939	5.0
523	-0.003078	210.324200	0.000757	3.8
524	-0.040211	210.122224	0.002294	3.9
525	-0.020399	209.920765	0.003920	4.6
526	-0.006147	209.719820	0.001103	5.0
527	-0.071729	209.519387	0.003847	3.8
528	-0.185644	209.319463	0.002512	4.0
529	-0.007819	209.120048	0.001962	4.2
530	-0.005192	208.921139	0.001193	4.7
531	-0.161864	208.722733	0.004351	3.9
532	-0.282346	208.524829	0.004935	4.4
533	-0.174841	208.327425	0.004762	6.0
534	-0.050766	208.130518	0.007110	4.2
535	-0.507439	207.934107	0.006651	3.9
536	-0.541374	207.738189	0.007347	4.4
537	-0.058236	207.542762	0.007974	5.0
538	-0.039445	207.347825	0.008264	4.0
539	-0.125282	207.153376	0.008804	4.3
540	-0.393733	206.959412	0.006122	4.6
541	-0.084477	206.765932	0.011836	5.4
542	-0.250389	206.572933	0.006887	3.8
543	-0.445596	206.380414	0.006113	4.1
544	-0.239816	206.188373	0.005058	4.2
545	-0.082267	205.996807	0.012937	4.2
546	-0.256497	205.805716	0.005741	3.8
547	-0.341921	205.615096	0.004248	4.4
548	-0.003991	205.424946	0.001202	4.4
549	-0.011455	205.235265	0.004058	4.3
550	-0.048435	205.046050	0.007731	3.8
551	-0.023458	204.857299	0.003235	4.2
552	-0.015541	204.669011	0.001539	4.0
553	-0.054058	204.481184	0.006623	31.3
554	-0.003680	204.293816	0.001375	11.8
555	-0.198176	204.106905	0.005711	8.9
556	-0.222763	203.920449	0.012508	6.9
557	-0.041462	203.734447	0.007115	5.6
558	-0.293894	203.548896	0.010218	4.6
559	-0.505682	203.363795	0.009057	3.8
560	-0.034658	203.179143	0.006487	4.5
561	-0.188753	202.994937	0.004090	5.7
562	-0.025468	202.811176	0.002931	4.1
563	-0.039436	202.627857	0.010190	3.8
564	-0.005623	202.444980	0.001900	4.1
565	-0.273983	202.262543	0.009005	4.3
566	-0.019732	202.080543	0.002227	4.4
567	-0.022346	201.898979	0.004873	4.0
568	-0.310110	201.717849	0.006945	4.4
569	-0.080191	201.537153	0.013861	4.9
570	-0.032184	201.356887	0.006543	3.8
571	-0.082269	201.177050	0.006954	4.1
572	-0.309886	200.997642	0.008695	4.4
573	-0.325630	200.818659	0.007546	4.6
574	-0.059931	200.640100	0.008061	3.9
575	-0.365542	200.461965	0.008597	4.3
576	-0.480097	200.284250	0.008908	3.7
577	-0.010183	200.106955	0.003461	4.5
578	-0.169935	199.930078	0.003597	3.9
579	-0.117221	199.753617	0.013463	4.4
580	-0.398366	199.577571	0.007437	3.8
581	-0.109794	199.401938	0.011091	5.0
582	-0.281213	199.226717	0.006942	4.3
583	-0.121869	199.051905	0.005046	4.3
584	-0.445663	198.877502	0.008102	4.2
585	-0.536141	198.703506	0.011912	4.3
586	-0.232157	198.529916	0.006707	4.2
587	-0.064074	198.356729	0.007574	4.3
588	-0.365141	198.183944	0.005139	4.3
589	-0.177304	198.011560	0.005220	4.2
590	-0.107430	197.839576	0.007343	3.9
591	-0.007795	197.667989	0.001021	4.4
592	-0.643389	197.496798	0.012037	5.0
593	-0.226610	197.326002	0.005224	4.4
594	-0.390416	197.155600	0.009863	4.1
595	-0.385451	196.985589	0.009833	4.6
596	-0.229234	196.815969	0.004495	4.3
597	-0.151818	196.646738	0.004105	4.0
598	-0.015976	196.477894	0.005811	4.4
599	-0.287383	196.309436	0.005832	3.8
600	-0.177578	196.141363	0.007919	4.5
601	-0.313127	195.973673	0.009460	4.0
602	-0.067699	195.806365	0.005274	4.3
603	-0.027823	195.639437	0.006425	3.9
604	-0.036550	195.472888	0.004929	4.5
605	-0.093704	195.306717	0.007994	4.0
606	-0.045285	195.140922	0.002206	4.3
607	-0.358681	194.975501	0.008437	4.3
608	-0.001410	194.810454	0.000680	4.6
609	-0.454625	194.645779	0.010968	3.7
610	-0.093502	194.481475	0.009803	4.1
611	-0.507320	194.317540	0.010449	4.0
612	-0.298411	194.153973	0.009108	4.4
613	-0.268043	193.990773	0.005873	3.9
614	-0.011026	193.827938	0.002110	4.2
615	-0.048745	193.665467	0.009344	3.9
616	-0.070763	193.503358	0.006192	4.3
617	-0.527376	193.341611	0.011594	3.8
618	-0.413666	193.180224	0.005020	4.4
619	-0.499918	193.019196	0.011313	4.8
620	-0.018787	192.858525	0.002306	15.9
621	-0.016396	192.698210	0.004266	73.9
622	-0.007807	192.538251	0.001731	5.6
623	-0.245761	192.378644	0.005162	17.9
624	-0.472006	192.219391	0.007229	8.5
625	-0.063460	192.060488	0.008526	6.4
626	-0.225620	191.901935	0.004686	6.6
627	-0.689795	191.743730	0.010195	4.3
628	-0.011227	191.585873	0.002767	4.6
629	-0.214606	191.428362	0.007204	6.5
630	-0.293660	191.271196	0.006545	4.3
631	-0.003551	191.114374	0.001540	3.8
632	-0.008715	190.957893	0.002166	4.3
633	-0.233047	190.801755	0.005318	4.9
634	-0.013559	190.645956	0.001761	5.1
635	-0.111840	190.490495	0.011445	6.3
636	-0.049617	190.335373	0.007260	5.7
637	-0.009901	190.180587	0.004046	3.8
638	-0.207879	190.026136	0.012454	4.6
639	-0.375625	189.872019	0.011503	4.1
640	-0.601878	189.718235	0.012692	4.9
641	-0.006122	189.564782	0.002599	3.8
642	-0.453094	189.411661	0.007953	4.7
643	-0.010909	189.258868	0.003506	5.8
644	-0.296377	189.106404	0.008897	4.9
645	-0.171735	188.954267	0.007045	4.1
646	-0.478982	188.802456	0.006432	4.1
647	-0.304830	188.650969	0.006277	5.3
648	-0.268964	188.499807	0.004811	4.6
649	-0.671818	188.348967	0.009686	4.1
650	-0.059064	188.198448	0.002645	4.2
651	-0.067911	188.048250	0.005527	4.3
652	-0.163355	187.898371	0.010921	4.0
653	-0.272661	187.748810	0.009663	4.5
654	-0.039763	187.599566	0.007996	4.8
655	-0.061506	187.450638	0.004634	4.3
656	-0.002965	187.302025	0.001639	3.9
657	-0.020799	187.153725	0.004001	4.3
658	-0.554282	187.005739	0.012666	5.9
659	-0.002122	186.858064	0.000770	3.8
660	-0.043249	186.710699	0.006754	4.3
661	-0.081656	186.563645	0.010756	4.1
662	-0.046639	186.416898	0.005738	5.0
663	-0.008521	186.270459	0.001132	3.8
664	-0.074888	186.124326	0.010236	4.5
665	-0.393648	185.978499	0.006195	4.4
666	-0.003318	185.832976	0.000985	4.7
667	-0.061256	185.687756	0.008167	3.9
668	-0.229834	185.542838	0.010533	4.1
669	-0.339991	185.398222	0.011327	4.9
670	-0.311278	185.253906	0.007164	4.0
671	-0.071133	185.109889	0.011912	3.8
672	-0.069706	184.966170	0.010028	4.0
673	-0.398847	184.822748	0.005290	4.7
674	-0.035172	184.679623	0.006439	4.0
675	-0.327902	184.536792	0.008466	4.0
676	-0.320849	184.394256	0.015606	4.4
677	-0.048560	184.252013	0.007001	4.7
678	-0.238334	184.110062	0.008530	4.1
679	-0.395051	183.968403	0.009614	4.0
680	-0.020736	183.827034	0.004618	4.0
681	-0.331212	183.685954	0.008048	4.4
682	-0.220888	183.545163	0.005241	3.9
683	-0.318373	183.404658	0.011753	4.2
684	-0.055877	183.264441	0.008775	4.2
685	-0.099011	183.124509	0.009702	4.8
686	-0.138763	182.984861	0.004818	3.8
687	-0.296479	182.845497	0.008839	4.5
688	-0.001954	182.706416	0.000802	5.6
689	-0.063679	182.567616	0.008900	4.4
690	-0.091617	182.429098	0.012336	3.8
691	-0.527269	182.290859	0.006961	4.3
692	-0.233981	182.152899	0.009293	4.4
693	-0.124448	182.015217	0.008063	4.2
694	-0.063807	181.877813	0.010552	3.7
695	-0.074894	181.740684	0.007567	4.2
696	-0.591268	181.603832	0.010739	3.7
697	-0.009051	181.467253	0.001341	4.4
698	-0.477767	181.330948	0.008313	4.2
699	-0.084583	181.194916	0.007633	4.3
700	-0.535294	181.059155	0.006962	4.5
701	-0.291853	180.923666	0.009296	4.1
702	-0.277530	180.788446	0.004771	3.8
703	-0.053584	180.653496	0.007264	4.4
704	-0.059346	180.518814	0.003902	3.7
705	-0.324968	180.384399	0.012279	4.6
706	-0.348236	180.250251	0.014339	3.9
707	-0.117202	180.116369	0.014181	4.2
708	-0.067419	179.982752	0.012127	4.3
709	-0.072181	179.849398	0.006949	4.2
710	-0.038995	179.716308	0.004619	3.9
711	-0.110783	179.583480	0.005038	4.5
712	-0.003515	179.450913	0.001883	3.9
713	-0.053261	179.318607	0.002811	4.6
714	-0.309485	179.186561	0.006226	3.8
715	-0.007338	179.054774	0.002422	4.1
716	-0.033948	178.923245	0.005241	4.4
717	-0.290678	178.791973	0.011714	4.0
718	-0.178100	178.660958	0.005390	4.0
719	-0.167189	178.530199	0.013797	4.3
720	-0.252125	178.399694	0.004797	5.5
721	-0.004420	178.269444	0.001357	3.9
722	-0.316019	178.139447	0.003883	4.1
723	-0.269508	178.009702	0.005921	4.5
724	-0.436739	177.880209	0.010684	4.9
725	-0.049241	177.750967	0.003211	4.0
726	-0.261297	177.621975	0.008619	4.7
727	-0.437163	177.493232	0.008697	5.4
728	-0.078089	177.364738	0.011600	4.7
729	-0.527145	177.236492	0.013466	4.0
730	-0.194403	177.108492	0.007148	4.2
731	-0.301924	176.980739	0.011581	4.9
732	-0.044346	176.853231	0.004102	4.1
733	-0.244042	176.725968	0.005621	4.0
734	-0.016060	176.598949	0.003235	4.5
735	-0.062305	176.472173	0.010552	4.8
736	-0.506249	176.345639	0.009359	3.7
737	-0.003779	176.219348	0.001185	4.2
738	-0.027698	176.093296	0.004450	3.8
739	-0.171747	175.967486	0.006497	4.8
740	-0.082071	175.841914	0.003729	3.9
741	-0.022302	175.716581	0.004289	4.0
742	-0.044101	175.591486	0.008107	3.8
743	-0.502373	175.466629	0.010385	5.1
744	-0.246635	175.342008	0.005694	3.7
745	-0.205429	175.217622	0.003632	4.3
746	-0.010981	175.093472	0.003481	4.1
747	-0.018819	174.969556	0.001888	4.4
748	-0.047358	174.845873	0.007345	4.0
749	-0.153230	174.722423	0.005597	4.6
750	-0.071922	174.599206	0.004734	5.6
751	-0.121320	174.476220	0.008094	4.4
752	-0.080349	174.353464	0.006658	4.2
753	-0.531508	174.230939	0.010636	4.2
754	-0.253284	174.108643	0.004514	4.8
755	-0.049892	173.986576	0.003098	3.8
756	-0.255309	173.864737	0.003502	4.0
757	-0.015957	173.743124	0.004583	4.3
758	-0.025197	173.621739	0.006574	4.7
759	-0.053376	173.500579	0.006324	3.7
760	-0.375765	173.379645	0.010996	4.1
761	-0.080581	173.258935	0.008341	4.1
762	-0.233119	173.138449	0.008086	4.6
763	-0.557249	173.018186	0.008775	4.1
764	-0.397479	172.898146	0.004414	4.2
765	-0.029850	172.778327	0.003171	3.7
766	-0.552850	172.658730	0.013289	4.9
767	-0.168141	172.539353	0.007294	4.0
768	-0.539208	172.420196	0.007548	4.0
769	-0.013809	172.301258	0.004314	4.4
770	-0.068505	172.182539	0.009872	4.6
771	-0.205223	172.064037	0.011098	4.0
772	-0.074434	171.945753	0.011851	4.3
773	-0.015108	171.827686	0.003153	3.9
774	-0.163717	171.709834	0.004756	4.2
775	-0.091111	171.592198	0.012479	3.8
776	-0.091085	171.474776	0.004623	4.5
777	-0.134710	171.357568	0.008622	3.9
778	-0.454169	171.240574	0.007401	4.3
779	-0.169085	171.123793	0.008128	3.9
780	-0.010941	171.007223	0.004180	4.8
781	-0.439074	170.890865	0.010552	4.9
782	-0.182586	170.774718	0.005242	4.4
783	-0.269982	170.658782	0.008712	4.0
784	-0.556447	170.543055	0.012275	4.2
785	-0.129516	170.427537	0.009004	4.6
786	-0.017663	170.312227	0.002436	4.1
787	-0.095244	170.197125	0.011665	4.1
788	-0.002036	170.082231	0.000683	4.1
789	-0.011447	169.967543	0.001926	4.7
790	-0.002256	169.853061	0.001151	3.8
791	-0.020700	169.738784	0.005561	3.9
792	-0.010177	169.624713	0.001537	4.4
793	-0.664441	169.510845	0.008257	6.1
794	-0.066948	169.397181	0.009031	4.7
795	-0.017258	169.283720	0.003241	4.2
796	-0.351374	169.170462	0.009329	4.7
797	-0.090534	169.057405	0.009362	4.2
798	-0.012797	168.944549	0.003550	4.5
799	-0.435346	168.831895	0.008225	4.3
800	-0.018604	168.719440	0.002254	4.9
801	-0.002677	168.607185	0.001170	3.8
802	-0.086053	168.495129	0.011312	4.2
803	-0.083360	168.383271	0.010397	6.2
804	-0.008788	168.271611	0.002482	4.0
805	-0.083253	168.160148	0.006996	3.9
806	-0.097669	168.048882	0.013748	4.2
807	-0.246314	167.937812	0.008884	4.7
808	-0.072248	167.826938	0.011487	4.0
809	-0.004451	167.716258	0.001902	3.9
810	-0.020112	167.605773	0.002323	30.7
811	-0.070601	167.495482	0.004049	13.2
812	-0.093299	167.385384	0.006851	7.3
813	-0.255264	167.275479	0.009111	8.6
814	-0.245933	167.165766	0.003221	5.8
815	-0.097263	167.056245	0.005528	4.4
816	-0.014661	166.946915	0.002969	4.9
817	-0.273435	166.837776	0.005745	4.0
818	-0.022274	166.728826	0.006743	4.0
819	-0.429045	166.620067	0.006605	4.4
820	-0.328728	166.511496	0.007025	4.9
821	-0.596598	166.403113	0.012341	4.1
822	-0.567438	166.294919	0.010280	4.2
823	-0.011092	166.186912	0.003476	3.9
824	-0.006730	166.079091	0.002221	4.5
825	-0.267961	165.971458	0.010853	3.9
826	-0.305462	165.864009	0.007987	4.3
827	-0.062156	165.756747	0.008772	4.3
828	-0.064924	165.649669	0.011765	4.7
829	-0.037423	165.542775	0.005034	4.1
830	-0.122701	165.436065	0.012823	4.4
831	-0.114999	165.329538	0.011677	5.7
832	-0.003761	165.223194	0.001505	4.3
833	-0.021313	165.117032	0.002243	4.0
834	-0.016113	165.011052	0.002317	4.1
835	-0.050349	164.905253	0.009341	4.8
836	-0.462159	164.799635	0.014535	4.2
837	-0.010670	164.694197	0.003116	3.9
838	-0.005035	164.588939	0.001581	4.5
839	-0.064567	164.483859	0.006187	4.6
840	-0.076720	164.378959	0.008774	3.9
841	-0.145866	164.274237	0.008431	4.0
842	-0.015121	164.169692	0.004072	4.3
843	-0.096707	164.065325	0.005443	4.7
844	-0.071037	163.961135	0.008818	3.8
845	-0.410799	163.857120	0.008768	4.0
846	-0.353138	163.753282	0.006698	3.8
847	-0.010702	163.649619	0.001837	4.5
848	-0.004033	163.546130	0.000931	4.0
849	-0.574620	163.442816	0.009032	3.9
850	-0.252514	163.339676	0.005299	4.9
851	-0.322150	163.236709	0.007672	4.4
852	-0.552535	163.133915	0.006623	3.8
853	-0.602527	163.031294	0.009952	4.5
854	-0.460032	162.928844	0.014315	3.7
855	-0.275713	162.826566	0.003777	4.4
856	-0.238886	162.724459	0.010931	3.8
857	-0.087916	162.622523	0.011152	4.3
858	-0.457918	162.520757	0.011833	3.8
859	-0.227026	162.419160	0.006969	4.3
860	-0.405042	162.317733	0.006931	3.7
861	-0.026535	162.216474	0.008235	5.1
862	-0.120441	162.115383	0.005362	5.5
863	-0.366803	162.014461	0.005007	5.1
864	-0.007897	161.913705	0.001562	4.5
865	-0.103991	161.813117	0.012965	4.7
866	-0.015710	161.712695	0.004129	4.9
867	-0.451931	161.612439	0.005338	4.2
868	-0.252612	161.512349	0.009735	4.3
869	-0.479383	161.412424	0.008890	3.9
870	-0.524242	161.312663	0.005365	4.3
871	-0.073153	161.213067	0.010270	3.9
872	-0.123199	161.113635	0.004339	4.7
873	-0.012406	161.014366	0.003414	4.6
874	-0.061744	160.915260	0.011287	5.0
875	-0.058527	160.816316	0.008813	4.5
876	-0.058338	160.717535	0.007624	4.6
877	-0.505933	160.618915	0.009644	5.3
878	-0.031408	160.520456	0.006926	4.2
879	-0.161470	160.422158	0.002502	4.8
880	-0.212020	160.324021	0.005236	4.4
881	-0.339988	160.226043	0.008771	4.7
882	-0.076423	160.128225	0.014160	4.3
883	-0.060595	160.030566	0.007766	4.8
884	-0.682491	159.933066	0.012302	4.9
885	-0.139388	159.835723	0.009519	4.2
886	-0.284147	159.738539	0.008044	4.6
887	-0.309109	159.641512	0.006614	4.6
888	-0.241382	159.544642	0.005457	4.8
889	-0.116654	159.447929	0.007539	4.3
890	-0.058783	159.351372	0.006345	4.4
891	-0.451933	159.254971	0.012441	4.9
892	-0.297105	159.158725	0.009326	6.4
893	-0.253666	159.062634	0.005469	6.0
894	-0.420909	158.966697	0.010176	7.0
895	-0.002608	158.870915	0.000981	4.5
896	-0.063590	158.775286	0.007653	4.7
897	-0.110540	158.679811	0.009759	4.2
898	-0.022163	158.584489	0.001378	4.1
899	-0.017013	158.489319	0.002279	4.2
900	-0.067037	158.394302	0.006688	4.6
901	-0.397694	158.299436	0.006189	4.9
902	-0.023796	158.204721	0.002324	4.4
903	-0.089463	158.110158	0.005268	4.9
904	-0.178382	158.015745	0.001875	4.7
905	-0.083463	157.921482	0.011357	4.6
906	-0.538681	157.827369	0.008930	4.4
907	-0.457509	157.733406	0.007897	4.3
908	-0.099858	157.639591	0.009255	4.3
909	-0.015989	157.545925	0.003640	4.2
910	-0.094770	157.452408	0.012730	4.6
911	-0.114012	157.359038	0.004543	4.1
912	-0.421087	157.265816	0.008062	5.1
913	-0.015797	157.172741	0.001979	4.1
914	-0.618638	157.079813	0.007803	4.6
915	-0.386522	156.987031	0.008928	4.7
916	-0.615072	156.894395	0.011250	4.8
917	-0.320277	156.801904	0.007396	4.6
918	-0.075710	156.709559	0.010314	4.6
919	-0.120994	156.617359	0.009973	4.7
920	-0.126095	156.525304	0.008394	4.2
921	-0.063881	156.433392	0.010641	4.9
922	-0.009744	156.341624	0.004375	4.2
923	-0.153148	156.250000	0.003073	4.3
924	-0.014498	156.158519	0.003431	3.7
925	-0.004028	156.067180	0.001684	4.4
926	-0.497915	155.975984	0.005435	4.7
927	-0.010437	155.884930	0.003003	4.7
928	-0.386914	155.794017	0.006697	4.4
929	-0.436078	155.703246	0.012366	4.7
930	-0.116656	155.612615	0.006951	5.5
931	-0.347198	155.522125	0.004360	4.3
932	-0.537154	155.431775	0.013373	4.9
933	-0.379840	155.341565	0.008967	4.4
934	-0.030419	155.251495	0.004530	4.7
935	-0.039718	155.161563	0.004463	4.3
936	-0.043920	155.071771	0.005765	4.6
937	-0.040260	154.982117	0.005663	5.0
938	-0.078724	154.892601	0.007725	4.6
939	-0.030129	154.803222	0.006491	4.7
940	-0.294323	154.713981	0.004027	5.9
941	-0.118269	154.624878	0.005774	4.7
942	-0.078438	154.535910	0.011307	4.1
943	-0.644183	154.447080	0.007093	4.1
944	-0.026032	154.358385	0.004645	4.4
945	-0.014003	154.269826	0.003773	4.4
946	-0.282243	154.181402	0.004625	5.2
947	-0.036292	154.093114	0.004426	6.2
948	-0.062045	154.004960	0.007942	4.6
949	-0.306501	153.916940	0.006490	4.8
950	-0.201357	153.829054	0.010447	4.5
951	-0.601788	153.741303	0.010637	4.8
952	-0.043253	153.653684	0.006584	4.3
953	-0.023340	153.566198	0.004673	4.7
954	-0.387207	153.478846	0.010806	3.7
955	-0.014773	153.391625	0.004296	4.4
956	-0.394606	153.304537	0.012704	3.8
957	-0.122692	153.217580	0.006704	4.7
958	-0.090280	153.130755	0.006126	4.6
959	-0.468604	153.044061	0.006123	5.2
960	-0.055138	152.957498	0.007915	4.5
961	-0.563047	152.871065	0.008559	4.4
962	-0.356252	152.784762	0.006369	4.6
963	-0.635806	152.698589	0.010894	3.8
964	-0.020159	152.612545	0.002573	4.2
965	-0.017033	152.526631	0.003291	4.1
966	-0.187681	152.440845	0.006306	5.1
967	-0.008190	152.355188	0.001647	4.2
968	-0.029179	152.269660	0.004802	4.9
969	-0.306844	152.184259	0.008461	5.1
970	-0.065089	152.098986	0.012367	4.6
971	-0.435775	152.013840	0.006085	4.6
972	-0.100804	151.928821	0.015468	4.5
973	-0.538646	151.843928	0.010421	4.9
974	-0.307410	151.759163	0.003699	4.7
975	-0.111321	151.674523	0.005380	4.4
976	-0.056624	151.590009	0.003715	5.8
977	-0.696546	151.505620	0.008637	4.7
978	-0.252497	151.421357	0.004226	4.9
979	-0.173553	151.337218	0.006624	4.7
980	-0.177453	151.253204	0.002351	5.7
981	-0.013704	151.169314	0.004317	4.8
982	-0.034551	151.085549	0.007793	4.3
983	-0.003945	151.001907	0.001150	4.9
984	-0.010052	150.918388	0.001059	4.1
985	-0.555285	150.834992	0.008401	4.7
986	-0.172951	150.751719	0.002641	4.4
987	-0.021876	150.668569	0.003983	4.7
988	-0.239483	150.585541	0.006550	4.0
989	-0.017397	150.502634	0.002710	4.5
990	-0.028431	150.419849	0.004526	4.3
991	-0.535678	150.337186	0.010402	4.6
992	-0.024222	150.254644	0.003391	4.6
993	-0.084224	150.172222	0.013013	4.7
994	-0.007068	150.089921	0.001431	5.1
995	-0.085447	150.007740	0.010677	4.3
996	-0.033003	149.925679	0.005595	4.6
997	-0.411550	149.843737	0.008188	4.4
998	-0.112042	149.761915	0.004652	4.7
999	-0.031912	149.680212	0.008025	3.9
1000	-0.059714	149.598627	0.006604	4.2
1001	-0.066781	149.517161	0.007560	4.7
1002	-0.090220	149.435814	0.011356	4.5
1003	-0.184969	149.354584	0.012747	4.5
1004	-0.101764	149.273472	0.007555	5.0
1005	-0.373741	149.192477	0.006015	5.2
1006	-0.503478	149.111599	0.010151	4.2
1007	-0.622888	149.030838	0.009374	4.7
1008	-0.352619	148.950194	0.010363	4.4
1009	-0.067216	148.869666	0.008605	4.2
1010	-0.576020	148.789253	0.007657	3.8
1011	-0.079381	148.708957	0.011682	4.5
1012	-0.048851	148.628776	0.006094	4.5
1013	-0.272777	148.548710	0.012879	4.5
1014	-0.403843	148.468759	0.005576	4.4
1015	-0.416956	148.388923	0.011629	4.7
1016	-0.060316	148.309201	0.011435	5.4
1017	-0.278710	148.229594	0.009316	4.5
1018	-0.320157	148.150100	0.006846	4.6
1019	-0.030033	148.070719	0.006008	4.7
1020	-0.205458	147.991452	0.011803	4.6
1021	-0.006087	147.912298	0.002145	3.9
1022	-0.055648	147.833257	0.006927	4.7
1023	-0.043585	147.754329	0.006440	5.2
1024	-0.034985	147.675512	0.007369	6.5
1025	-0.096934	147.596808	0.005684	6.3
1026	-0.005476	147.518216	0.001753	6.0
1027	-0.014206	147.439735	0.003541	5.5
1028	-0.379414	147.361365	0.007439	5.7
1029	-0.233896	147.283106	0.008142	4.6
1030	-0.297194	147.204958	0.008869	4.6
1031	-0.057737	147.126920	0.008527	8.0
1032	-0.065011	147.048993	0.006974	5.9
1033	-0.386269	146.971175	0.009314	6.3
1034	-0.153175	146.893468	0.004487	6.4
1035	-0.058855	146.815869	0.008917	4.8
1036	-0.090076	146.738380	0.011323	5.0
1037	-0.003776	146.661000	0.001275	5.2
1038	-0.118342	146.583729	0.014409	7.8
1039	-0.075549	146.506566	0.011543	12.0
1040	-0.034483	146.429511	0.006353	8.6
1041	-0.106257	146.352565	0.011494	9.6
1042	-0.312170	146.275726	0.005554	23.1
1043	-0.079360	146.198994	0.012337	24.5
1044	-0.261240	146.122370	0.009192	7.9
1045	-0.015793	146.045853	0.005492	9.5
1046	-0.029003	145.969442	0.003743	6.1
1047	-0.044226	145.893139	0.006535	7.0
1048	-0.317092	145.816941	0.004780	5.5
1049	-0.131887	145.740849	0.010356	4.7
1050	-0.319352	145.664863	0.005994	5.5
1051	-0.010081	145.588983	0.003171	4.0
1052	-0.060871	145.513208	0.006056	4.6
1053	-0.048609	145.437538	0.004686	4.6
1054	-0.089247	145.361973	0.014186	5.3
1055	-0.518646	145.286513	0.012439	4.5
1056	-0.080505	145.211157	0.012733	5.0
1057	-0.359013	145.135905	0.010887	5.4
1058	-0.107477	145.060757	0.013419	4.0
1059	-0.198541	144.985712	0.008935	4.2
1060	-0.505177	144.910771	0.008474	4.1
1061	-0.420589	144.835934	0.011612	5.1
1062	-0.530007	144.761199	0.007896	4.2
1063	-0.008835	144.686567	0.001657	4.4
1064	-0.072894	144.612037	0.007911	3.7
1065	-0.069934	144.537610	0.008114	4.5
1066	-0.102529	144.463285	0.010167	4.1
1067	-0.052751	144.389062	0.009886	4.6
1068	-0.010704	144.314940	0.004424	5.1
1069	-0.379053	144.240920	0.007281	4.7
1070	-0.599937	144.167001	0.012093	4.6
1071	-0.023868	144.093182	0.002056	4.6
1072	-0.010320	144.019465	0.003150	5.5
1073	-0.462487	143.945848	0.012826	4.4
1074	-0.217816	143.872331	0.005698	4.0
1075	-0.539969	143.798914	0.006079	4.2
1076	-0.102790	143.725597	0.011817	4.3
1077	-0.036545	143.652380	0.004968	5.6
1078	-0.274941	143.579262	0.007281	7.0
1079	-0.013824	143.506243	0.003340	5.8
1080	-0.017501	143.433323	0.002237	4.5
1081	-0.054825	143.360502	0.006015	4.3
1082	-0.013434	143.287780	0.001910	4.2
1083	-0.003801	143.215155	0.002659	3.7
1084	-0.316652	143.142629	0.006195	4.7
1085	-0.102043	143.070201	0.006191	5.2
1086	-0.274360	142.997870	0.003648	4.6
1087	-0.050284	142.925637	0.007980	3.9
1088	-0.329615	142.853501	0.007579	4.3
1089	-0.329501	142.781462	0.009614	5.0
1090	-0.464493	142.709519	0.006709	4.7
1091	-0.165461	142.637674	0.004074	5.2
1092	-0.030988	142.565924	0.004842	5.1
1093	-0.284270	142.494271	0.007227	4.7
1094	-0.634185	142.422714	0.007329	4.0
1095	-0.052053	142.351252	0.004370	4.4
1096	-0.126214	142.279886	0.011625	4.5
1097	-0.394185	142.208616	0.005884	4.5
1098	-0.040742	142.137440	0.007435	4.6
1099	-0.044469	142.066360	0.003336	5.9
1100	-0.320092	141.995374	0.009454	5.0
1101	-0.003798	141.924483	0.001057	4.3
1102	-0.143004	141.853685	0.005519	4.8
1103	-0.053896	141.782983	0.007410	4.4
1104	-0.018176	141.712373	0.005161	4.2
1105	-0.191070	141.641858	0.006794	4.6
1106	-0.733226	141.571436	0.007269	4.8
1107	-0.013906	141.501108	0.002928	4.3
1108	-0.094045	141.430872	0.014110	3.7
1109	-0.195470	141.360730	0.004732	4.3
1110	-0.238991	141.290680	0.005212	4.9
1111	-0.020210	141.220722	0.004654	4.8
1112	-0.224385	141.150857	0.002749	4.6
1113	-0.446659	141.081084	0.006925	4.6
1114	-0.010820	141.011403	0.003367	4.9
1115	-0.590331	140.941813	0.008424	4.0
1116	-0.182570	140.872315	0.004832	4.8
1117	-0.057653	140.802909	0.006866	4.4
1118	-0.067588	140.733593	0.010516	4.2
1119	-0.175668	140.664369	0.005091	3.9
1120	-0.552556	140.595235	0.009347	4.7
1121	-0.012605	140.526192	0.001773	5.3
1122	-0.452367	140.457239	0.008393	4.2
1123	-0.203272	140.388376	0.007657	4.0
1124	-0.481904	140.319603	0.008368	4.5
1125	-0.143927	140.250920	0.008060	5.0
1126	-0.231639	140.182326	0.005030	4.1
1127	-0.026760	140.113822	0.004270	4.7
1128	-0.158718	140.045407	0.007507	4.9
1129	-0.595050	139.977081	0.011539	4.7
1130	-0.402661	139.908844	0.005740	4.4
1131	-0.012342	139.840696	0.001937	4.5
1132	-0.059421	139.772635	0.006162	5.7
1133	-0.481113	139.704664	0.004695	4.0
1134	-0.575946	139.636780	0.008450	4.0
1135	-0.032309	139.568984	0.002756	4.5
1136	-0.283724	139.501276	0.004547	7.0
1137	-0.120765	139.433655	0.005854	9.0
1138	-0.074768	139.366122	0.010705	8.3
1139	-0.046578	139.298676	0.007144	5.5
1140	-0.247763	139.231317	0.007103	5.3
1141	-0.059743	139.164045	0.008954	4.2
1142	-0.026497	139.096859	0.006812	4.5
1143	-0.004279	139.029760	0.001891	4.7
1144	-0.264085	138.962747	0.012520	5.2
1145	-0.087468	138.895820	0.013410	4.3
1146	-0.008791	138.828978	0.002514	4.6
1147	-0.132929	138.762223	0.005802	4.8
1148	-0.100098	138.695553	0.008379	4.0
1149	-0.016459	138.628969	0.003232	4.3
1150	-0.026397	138.562469	0.002664	4.8
1151	-0.027453	138.496055	0.005072	5.3
1152	-0.076354	138.429725	0.003806	4.5
1153	-0.138613	138.363481	0.008941	5.1
1154	-0.183628	138.297320	0.005720	6.2
1155	-0.339094	138.231244	0.005365	4.0
1156	-0.392413	138.165252	0.005215	5.0
1157	-0.159240	138.099344	0.006113	5.1
1158	-0.480445	138.033520	0.010733	4.8
1159	-0.361124	137.967779	0.008052	5.1
1160	-0.050398	137.902122	0.004801	4.8
1161	-0.647392	137.836548	0.011394	5.5
1162	-0.018288	137.771057	0.004279	4.0
1163	-0.019582	137.705649	0.001654	4.9
1164	-0.007339	137.640324	0.001672	5.5
1165	-0.121859	137.575081	0.006966	5.3
1166	-0.017957	137.509921	0.001870	6.6
1167	-0.319641	137.444842	0.005710	5.7
1168	-0.023170	137.379846	0.003579	4.2
1169	-0.359812	137.314932	0.008254	4.6
1170	-0.099692	137.250100	0.010371	6.0
1171	-0.083159	137.185349	0.009581	4.6
1172	-0.093571	137.120680	0.016265	4.6
1173	-0.434273	137.056092	0.008627	4.1
1174	-0.006311	136.991585	0.001077	4.8
1175	-0.148414	136.927158	0.005321	3.8
1176	-0.164837	136.862813	0.008530	4.6
1177	-0.010099	136.798548	0.002870	4.5
1178	-0.580708	136.734363	0.006746	4.9
1179	-0.631555	136.670259	0.008961	4.1
1180	-0.435963	136.606235	0.009819	6.1
1181	-0.294849	136.542291	0.005161	6.1
1182	-0.581226	136.478426	0.007768	4.3
1183	-0.586559	136.414641	0.007072	4.3
1184	-0.020110	136.350936	0.001803	4.9
1185	-0.371043	136.287310	0.007729	4.0
1186	-0.059008	136.223763	0.004848	4.6
1187	-0.106655	136.160295	0.006411	4.6
1188	-0.022387	136.096905	0.002889	5.5
1189	-0.294298	136.033594	0.004963	4.1
1190	-0.023452	135.970362	0.005735	4.9
1191	-0.073851	135.907208	0.006737	5.3
1192	-0.239518	135.844133	0.009028	4.9
1193	-0.136803	135.781135	0.008617	4.6
1194	-0.005240	135.718215	0.001370	4.8
1195	-0.039243	135.655373	0.001935	5.0
1196	-0.075967	135.592608	0.011759	4.4
1197	-0.090320	135.529921	0.009690	4.7
1198	-0.375627	135.467311	0.006684	4.9
1199	-0.245763	135.404778	0.005371	4.5
1200	-0.077898	135.342322	0.009331	6.3
1201	-0.528595	135.279942	0.007771	5.6
1202	-0.008865	135.217640	0.002624	5.3
1203	-0.015235	135.155413	0.003851	5.7
1204	-0.188194	135.093263	0.007148	5.9
1205	-0.049298	135.031190	0.005888	5.4
1206	-0.484820	134.969192	0.008839	5.8
1207	-0.333086	134.907270	0.010881	5.4
1208	-0.008861	134.845424	0.001183	4.1
1209	-0.204912	134.783653	0.005474	4.0
1210	-0.584144	134.721958	0.009279	4.8
1211	-0.006667	134.660338	0.001689	4.9
1212	-0.215506	134.598793	0.003903	4.3
1213	-0.384245	134.537323	0.006688	4.6
1214	-0.291794	134.475927	0.008777	5.6
1215	-0.105633	134.414607	0.004362	4.4
1216	-0.465914	134.353361	0.011805	4.6
1217	-0.301235	134.292189	0.003972	4.2
1218	-0.088950	134.231092	0.010481	4.7
1219	-0.508971	134.170068	0.009911	3.8
1220	-0.117970	134.109119	0.005190	4.5
1221	-0.059799	134.048243	0.010450	4.8
1222	-0.052542	133.987441	0.008416	4.8
1223	-0.074015	133.926713	0.009560	4.3
1224	-0.011513	133.866057	0.001602	4.8
1225	-0.089911	133.805475	0.014472	5.3
1226	-0.522240	133.744966	0.009721	4.2
1227	-0.199035	133.684530	0.010573	4.9
1228	-0.455358	133.624167	0.007599	4.3
1229	-0.103115	133.563877	0.004769	4.4
1230	-0.008602	133.503658	0.001571	3.8
1231	-0.029062	133.443513	0.005218	4.6
1232	-0.703110	133.383439	0.013894	6.3
1233	-0.023320	133.323437	0.006312	4.5
1234	-0.338696	133.263508	0.007646	4.9
1235	-0.215664	133.203650	0.007077	6.2
1236	-0.173000	133.143864	0.005073	4.1
1237	-0.239400	133.084149	0.007448	4.1
1238	-0.466788	133.024506	0.008996	4.7
1239	-0.135419	132.964934	0.009070	5.1
1240	-0.078403	132.905433	0.010648	4.1
1241	-0.595351	132.846003	0.010627	4.1
1242	-0.169928	132.786643	0.007218	4.4
1243	-0.220873	132.727355	0.003251	4.8
1244	-0.062597	132.668137	0.007462	4.1
1245	-0.349701	132.608989	0.008301	4.7
1246	-0.017487	132.549912	0.006090	5.5
1247	-0.279562	132.490904	0.012405	4.3
1248	-0.455619	132.431967	0.008542	4.5
1249	-0.467753	132.373100	0.007608	4.2
1250	-0.006596	132.314302	0.001034	5.1
1251	-0.724725	132.255574	0.007714	4.0
1252	-0.102991	132.196916	0.010245	4.2
1253	-0.070781	132.138326	0.006925	4.6
1254	-0.202911	132.079806	0.004828	4.6
1255	-0.079944	132.021355	0.008186	4.8
1256	-0.068795	131.962973	0.007394	5.0
1257	-0.345940	131.904660	0.006243	6.0
1258	-0.158721	131.846415	0.008056	4.3
1259	-0.046244	131.788239	0.006520	4.6
1260	-0.311291	131.730131	0.005138	5.3
1261	-0.065992	131.672092	0.012849	4.0
1262	-0.577487	131.614121	0.009021	4.3
1263	-0.212936	131.556217	0.004423	5.2
1264	-0.043559	131.498382	0.007395	5.7
1265	-0.067493	131.440614	0.005765	4.2
1266	-0.045417	131.382914	0.006739	4.6
1267	-0.012196	131.325282	0.004252	5.4
1268	-0.074086	131.267717	0.010054	4.4
1269	-0.085792	131.210219	0.012396	4.0
1270	-0.569311	131.152788	0.010479	4.1
1271	-0.025902	131.095424	0.002898	4.9
1272	-0.007279	131.038127	0.001607	4.4
1273	-0.010347	130.980897	0.001848	4.8
1274	-0.318725	130.923733	0.005818	6.1
1275	-0.093447	130.866636	0.013042	5.2
1276	-0.496483	130.809605	0.008136	4.8
1277	-0.112711	130.752641	0.004493	4.6
1278	-0.050236	130.695742	0.003700	5.3
1279	-0.019056	130.638910	0.004360	4.7
1280	-0.292391	130.582143	0.008318	4.6
1281	-0.069348	130.525442	0.004258	5.7
1282	-0.164693	130.468807	0.007292	4.3
1283	-0.008653	130.412237	0.003801	5.0
1284	-0.542369	130.355733	0.007563	5.0
1285	-0.103322	130.299294	0.009418	4.6
1286	-0.405424	130.242920	0.010753	4.6
1287	-0.005924	130.186611	0.003858	4.5
1288	-0.679700	130.130366	0.009670	5.0
1289	-0.297465	130.074187	0.010128	4.2
1290	-0.335745	130.018072	0.006455	4.9
1291	-0.069755	129.962022	0.007880	6.4
1292	-0.213300	129.906036	0.004266	4.3
1293	-0.056333	129.850114	0.008711	4.4
1294	-0.596821	129.794257	0.008127	4.2
1295	-0.059385	129.738463	0.009666	41.0
1296	-0.524838	129.682734	0.009978	8.3
1297	-0.009985	129.627068	0.001699	7.8
1298	-0.021630	129.571466	0.001739	7.9
1299	-0.002508	129.515927	0.001012	5.7
1300	-0.365501	129.460452	0.005336	4.5
1301	-0.037404	129.405040	0.008238	5.5
1302	-0.390962	129.349692	0.006242	6.0
1303	-0.468897	129.294406	0.010486	5.0
1304	-0.564462	129.239183	0.008526	5.9
1305	-0.015572	129.184024	0.001746	5.6
1306	-0.664391	129.128927	0.011828	4.0
1307	-0.682662	129.073892	0.007912	4.6
1308	-0.002831	129.018921	0.000934	4.7
1309	-0.143087	128.964011	0.013103	5.1
1310	-0.057442	128.909164	0.011932	4.6
1311	-0.036162	128.854379	0.006278	4.3
1312	-0.537055	128.799656	0.008968	4.3
1313	-0.054803	128.744995	0.002564	4.0
1314	-0.061812	128.690396	0.003442	4.5
1315	-0.154340	128.635858	0.004036	4.9
1316	-0.068826	128.581382	0.009394	4.9
1317	-0.126846	128.526968	0.006240	4.3
1318	-0.379592	128.472615	0.008185	5.0
1319	-0.479811	128.418323	0.006755	4.5
1320	-0.511679	128.364092	0.008698	4.8
1321	-0.104258	128.309922	0.002566	4.5
1322	-0.092734	128.255814	0.012700	3.9
1323	-0.048929	128.201766	0.008765	4.9
1324	-0.008180	128.147778	0.001898	4.1
1325	-0.065030	128.093852	0.008411	4.7
1326	-0.260808	128.039985	0.010514	4.8
1327	-0.021020	127.986180	0.004345	4.9
1328	-0.060169	127.932434	0.003555	4.4
1329	-0.005441	127.878749	0.002020	4.6
1330	-0.006605	127.825123	0.002026	5.6
1331	-0.368682	127.771558	0.004771	6.7
1332	-0.389366	127.718052	0.006196	5.4
1333	-0.040399	127.664606	0.004724	6.3
1334	-0.698000	127.611220	0.010934	5.2
1335	-0.407287	127.557893	0.011819	8.9
1336	-0.230779	127.504625	0.014666	4.5
1337	-0.037619	127.451417	0.004064	5.1
1338	-0.057489	127.398268	0.010313	5.9
1339	-0.363385	127.345178	0.013278	4.7
1340	-0.370072	127.292147	0.008747	4.8
1341	-0.070533	127.239175	0.010452	4.1
1342	-0.215582	127.186261	0.009121	5.1
1343	-0.060682	127.133407	0.009549	4.3
1344	-0.006689	127.080610	0.002801	4.8
1345	-0.171658	127.027872	0.010700	5.1
1346	-0.081757	126.975193	0.007183	4.2
1347	-0.178879	126.922572	0.009007	4.2
1348	-0.320400	126.870008	0.009145	4.4
1349	-0.186376	126.817503	0.008739	4.9
1350	-0.364739	126.765056	0.011245	4.2
1351	-0.320965	126.712667	0.006959	4.8
1352	-0.110007	126.660335	0.004703	5.1
1353	-0.110061	126.608061	0.014571	4.3
1354	-0.423910	126.555844	0.005202	4.4
1355	-0.014249	126.503685	0.003586	4.9
1356	-0.081563	126.451583	0.011536	5.1
1357	-0.013970	126.399538	0.003556	4.4
1358	-0.193924	126.347550	0.006044	4.8
1359	-0.164096	126.295619	0.012848	4.6
1360	-0.072720	126.243745	0.011590	5.0
1361	-0.641514	126.191928	0.012110	5.0
1362	-0.310701	126.140168	0.004382	4.8
1363	-0.014039	126.088464	0.003830	5.2
1364	-0.610499	126.036817	0.008193	3.8
1365	-0.006375	125.985226	0.002010	4.5
1366	-0.056560	125.933691	0.003854	4.7
1367	-0.006608	125.882212	0.003578	4.8
1368	-0.012345	125.830790	0.002359	4.4
1369	-0.633961	125.779423	0.008555	4.6
1370	-0.064690	125.728113	0.007001	4.9
1371	-0.538891	125.676858	0.007887	4.5
1372	-0.310704	125.625659	0.004909	4.8
1373	-0.405094	125.574515	0.006418	4.4
1374	-0.204782	125.523427	0.003808	4.9
1375	-0.549557	125.472394	0.013197	4.4
1376	-0.048620	125.421417	0.006309	4.5
1377	-0.055777	125.370495	0.005726	4.3
1378	-0.137217	125.319628	0.006376	4.2
1379	-0.006529	125.268815	0.002099	4.3
1380	-0.015941	125.218058	0.001605	4.8
1381	-0.102362	125.167356	0.005450	5.4
1382	-0.070575	125.116708	0.013797	4.6
1383	-0.102564	125.066115	0.005792	4.6
1384	-0.092425	125.015576	0.011049	4.3
1385	-0.271710	124.965092	0.005847	4.3
1386	-0.017151	124.914662	0.005595	3.9
1387	-0.156294	124.864287	0.005019	4.8
1388	-0.141918	124.813965	0.009313	4.9
1389	-0.072500	124.763698	0.011060	4.5
1390	-0.074668	124.713485	0.011516	4.7
1391	-0.161804	124.663325	0.005150	5.1
1392	-0.065558	124.613219	0.012470	4.4
1393	-0.099586	124.563167	0.012663	3.9
1394	-0.067004	124.513168	0.012277	4.4
1395	-0.618143	124.463223	0.013451	4.4
1396	-0.062110	124.413332	0.005555	4.7
1397	-0.015279	124.363493	0.001545	4.4
1398	-0.061031	124.313708	0.009366	4.6
1399	-0.055982	124.263976	0.007215	4.2
1400	-0.469212	124.214297	0.007630	4.3
1401	-0.009869	124.164671	0.002772	4.5
1402	-0.005194	124.115097	0.001196	4.4
1403	-0.079287	124.065577	0.007940	4.4
1404	-0.091683	124.016109	0.010827	3.9
1405	-0.086510	123.966693	0.012546	4.2
1406	-0.188754	123.917330	0.005710	4.2
1407	-0.383604	123.868020	0.005365	4.8
1408	-0.042050	123.818762	0.003800	4.2
1409	-0.077057	123.769556	0.013955	4.7
1410	-0.132476	123.720402	0.014164	4.5
1411	-0.060013	123.671300	0.006309	4.3
1412	-0.085599	123.622250	0.011095	4.0
1413	-0.051873	123.573252	0.007767	4.2
1414	-0.064642	123.524305	0.012587	5.2
1415	-0.029514	123.475411	0.005758	4.2
1416	-0.281933	123.426568	0.008384	4.5
1417	-0.146930	123.377776	0.011535	4.4
1418	-0.303700	123.329036	0.005716	5.1
1419	-0.093076	123.280347	0.011282	3.9
1420	-0.700377	123.231709	0.010125	4.8
1421	-0.277007	123.183122	0.006145	6.4
1422	-0.052023	123.134587	0.006561	4.1
1423	-0.364487	123.086102	0.007911	4.7
1424	-0.054011	123.037669	0.004429	4.3
1425	-0.151293	122.989286	0.006601	4.4
1426	-0.427066	122.940954	0.012593	3.8
1427	-0.389165	122.892672	0.005378	4.6
1428	-0.596183	122.844441	0.009216	4.6
1429	-0.071407	122.796261	0.014285	4.7
1430	-0.204966	122.748130	0.012509	4.0
1431	-0.081776	122.700050	0.014420	4.4
1432	-0.513614	122.652021	0.008846	4.6
1433	-0.019149	122.604041	0.008974	4.6
1434	-0.352984	122.556111	0.010449	4.5
1435	-0.010906	122.508232	0.001925	4.6
1436	-0.423404	122.460402	0.009207	4.9
1437	-0.222803	122.412622	0.004652	4.1
1438	-0.601099	122.364891	0.010855	4.5
1439	-0.008095	122.317210	0.001164	3.7
1440	-0.273947	122.269579	0.007344	5.2
1441	-0.055030	122.221997	0.008495	4.2
1442	-0.561921	122.174465	0.006688	4.8
1443	-0.087895	122.126981	0.005280	5.0
1444	-0.047191	122.079547	0.002573	4.2
1445	-0.276795	122.032162	0.014778	4.2
1446	-0.082031	121.984826	0.011584	4.5
1447	-0.558174	121.937539	0.008450	4.9
1448	-0.328440	121.890301	0.007258	4.1
1449	-0.014933	121.843112	0.003816	4.7
1450	-0.560036	121.795971	0.007003	6.1
1451	-0.656796	121.748879	0.010918	3.8
1452	-0.089760	121.701835	0.013078	4.1
1453	-0.057270	121.654840	0.011264	4.3
1454	-0.118422	121.607893	0.006054	4.8
1455	-0.407644	121.560994	0.010947	3.8
1456	-0.018782	121.514144	0.003612	4.3
1457	-0.335596	121.467342	0.009158	4.5
1458	-0.009957	121.420588	0.001966	5.1
1459	-0.393829	121.373882	0.005799	3.7
1460	-0.091654	121.327223	0.012080	4.8
1461	-0.081316	121.280613	0.010408	4.3
1462	-0.156667	121.234050	0.006590	5.6
1463	-0.003940	121.187535	0.001108	4.8
1464	-0.232066	121.141067	0.008324	5.7
1465	-0.056070	121.094647	0.007704	5.6
1466	-0.443232	121.048274	0.007988	4.8
1467	-0.315106	121.001949	0.007544	5.2
1468	-0.063025	120.955671	0.010674	6.2
1469	-0.007413	120.909440	0.003113	4.3
1470	-0.244242	120.863256	0.003873	4.6
1471	-0.018259	120.817119	0.002254	4.7
1472	-0.043502	120.771029	0.007562	3.8
1473	-0.120795	120.724986	0.005798	4.0
1474	-0.067068	120.678990	0.008156	4.7
1475	-0.505507	120.633040	0.008046	5.2
1476	-0.016184	120.587137	0.003994	4.0
1477	-0.088195	120.541281	0.012003	4.7
1478	-0.082824	120.495471	0.005519	5.1
1479	-0.118797	120.449707	0.006374	5.0
1480	-0.088198	120.403990	0.011307	4.1
1481	-0.050126	120.358319	0.003419	4.2
1482	-0.407178	120.312694	0.009284	5.0
1483	-0.122612	120.267115	0.006885	4.0
1484	-0.340599	120.221582	0.005082	4.3
1485	-0.278098	120.176096	0.004972	4.3
1486	-0.058407	120.130655	0.006570	4.6
1487	-0.146515	120.085260	0.009623	4.1
1488	-0.046447	120.039910	0.002132	4.5
1489	-0.010350	119.994606	0.003590	4.5
1490	-0.011333	119.949348	0.002569	4.8
1491	-0.273762	119.904135	0.005955	4.4
1492	-0.426466	119.858968	0.008102	4.1
1493	-0.416981	119.813846	0.004241	4.8
1494	-0.152973	119.768769	0.006999	4.0
1495	-0.016802	119.723738	0.002006	4.1
1496	-0.058924	119.678752	0.004651	4.7
1497	-0.190391	119.633810	0.004342	5.1
1498	-0.089159	119.588914	0.010227	3.8
1499	-0.137716	119.544062	0.012089	4.1
1500	-0.085533	119.499256	0.007522	4.0
1501	-0.112488	119.454494	0.015241	5.2
1502	-0.085641	119.409777	0.002813	4.2
1503	-0.005586	119.365104	0.001855	4.2
1504	-0.010498	119.320476	0.002425	3.8
1505	-0.017598	119.275893	0.003429	4.5
1506	-0.249230	119.231353	0.007683	4.0
1507	-0.034424	119.186859	0.005149	5.1
1508	-0.353423	119.142408	0.006065	7.0
1509	-0.350280	119.098002	0.011983	4.7
1510	-0.513253	119.053639	0.009576	5.3
1511	-0.074564	119.009321	0.008239	5.7
1512	-0.039870	118.965047	0.002277	3.7
1513	-0.006743	118.920816	0.003054	4.2
1514	-0.307118	118.876630	0.005052	4.6
1515	-0.255011	118.832487	0.004610	5.3
1516	-0.166265	118.788388	0.011024	3.8
1517	-0.014831	118.744332	0.003100	4.3
1518	-0.273735	118.700320	0.011123	4.3
1519	-0.114289	118.656352	0.005076	4.8
1520	-0.023324	118.612427	0.003301	4.2
1521	-0.041691	118.568545	0.002112	4.6
1522	-0.479698	118.524706	0.007135	5.2
1523	-0.209064	118.480911	0.013313	4.3
1524	-0.295973	118.437159	0.004435	4.2
1525	-0.012640	118.393450	0.001631	3.9
1526	-0.103981	118.349784	0.011500	4.6
1527	-0.211162	118.306160	0.006509	3.8
1528	-0.183906	118.262580	0.005827	4.2
1529	-0.009455	118.219042	0.001744	4.5
1530	-0.193427	118.175548	0.010079	5.0
1531	-0.013792	118.132095	0.002799	4.2
1532	-0.085291	118.088686	0.011575	4.4
1533	-0.003872	118.045319	0.002438	4.8
1534	-0.035119	118.001994	0.003876	3.9
1535	-0.400871	117.958712	0.008438	4.5
1536	-0.088519	117.915472	0.012047	5.0
1537	-0.081238	117.872274	0.014191	5.5
1538	-0.287963	117.829118	0.006172	3.7
1539	-0.154943	117.786005	0.015238	4.4
1540	-0.013572	117.742933	0.004966	4.6
1541	-0.125756	117.699904	0.004706	5.0
1542	-0.005751	117.656916	0.001799	4.3
1543	-0.505726	117.613971	0.007342	4.4
1544	-0.430540	117.571067	0.007562	5.2
1545	-0.018243	117.528205	0.002742	4.7
1546	-0.342341	117.485384	0.009680	5.3
1547	-0.079175	117.442605	0.011535	4.4
1548	-0.235565	117.399867	0.008716	5.2
1549	-0.076413	117.357171	0.007123	4.6
1550	-0.062788	117.314517	0.010546	4.8
1551	-0.007409	117.271903	0.001860	40.3
1552	-0.034211	117.229331	0.007023	5.0
1553	-0.215797	117.186800	0.004157	10.1
1554	-0.227488	117.144311	0.005487	8.1
1555	-0.325130	117.101862	0.006138	5.6
1556	-0.009307	117.059454	0.001246	4.6
1557	-0.281255	117.017087	0.008471	4.1
1558	-0.080892	116.974762	0.011276	4.2
1559	-0.487978	116.932476	0.007081	5.2
1560	-0.020427	116.890232	0.002725	4.0
1561	-0.342307	116.848028	0.012777	4.8
1562	-0.430227	116.805865	0.010739	4.0
1563	-0.199724	116.763743	0.013629	4.4
1564	-0.114954	116.721661	0.011175	4.0
1565	-0.115216	116.679619	0.012124	4.5
1566	-0.054102	116.637618	0.007465	4.8
1567	-0.004421	116.595657	0.001500	4.2
1568	-0.408681	116.553736	0.009134	4.0
1569	-0.108184	116.511855	0.013189	4.1
1570	-0.096088	116.470015	0.011867	5.0
1571	-0.493380	116.428214	0.006953	4.5
1572	-0.014602	116.386454	0.001563	4.2
1573	-0.339585	116.344733	0.012922	4.5
1574	-0.051477	116.303052	0.009485	4.8
1575	-0.257519	116.261412	0.008419	4.2
1576	-0.385653	116.219810	0.011066	4.7
1577	-0.003302	116.178249	0.001059	4.2
1578	-0.682269	116.136727	0.008518	4.3
1579	-0.398018	116.095245	0.006131	3.7
1580	-0.030320	116.053802	0.008417	4.4
1581	-0.133042	116.012398	0.003350	5.2
1582	-0.058509	115.971034	0.003814	5.0
1583	-0.185978	115.929710	0.007524	4.8
1584	-0.088321	115.888424	0.009030	5.8
1585	-0.029639	115.847178	0.002476	4.9
1586	-0.506382	115.805970	0.004986	4.3
1587	-0.231473	115.764802	0.008667	5.0
1588	-0.365876	115.723673	0.005599	5.3
1589	-0.039530	115.682583	0.003533	4.1
1590	-0.595639	115.641532	0.009992	4.6
1591	-0.352351	115.600519	0.005151	4.6
1592	-0.024919	115.559546	0.002059	4.7
1593	-0.318460	115.518610	0.004109	3.8
1594	-0.008502	115.477714	0.002298	4.3
1595	-0.013832	115.436856	0.002452	4.3
1596	-0.079062	115.396037	0.008231	5.0
1597	-0.246852	115.355256	0.003786	4.4
1598	-0.607335	115.314514	0.008425	5.2
1599	-0.370529	115.273810	0.006177	5.0
1600	-0.235009	115.233144	0.010899	4.4
1601	-0.583853	115.192517	0.007155	4.2
1602	-0.104425	115.151927	0.006596	3.8
1603	-0.163497	115.111376	0.008185	4.4
1604	-0.033202	115.070863	0.003638	4.1
1605	-0.016086	115.030388	0.002277	4.8
1606	-0.306120	114.989951	0.009624	4.3
1607	-0.157066	114.949551	0.008812	4.1
1608	-0.312292	114.909190	0.009652	3.8
1609	-0.061763	114.868866	0.005640	4.4
1610	-0.361330	114.828580	0.007351	4.5
1611	-0.272916	114.788332	0.009368	4.3
1612	-0.061463	114.748121	0.005936	4.7
1613	-0.072587	114.707948	0.004991	4.9
1614	-0.011435	114.667812	0.003782	5.1
1615	-0.438202	114.627714	0.004219	3.8
1616	-0.048050	114.587653	0.006733	4.1
1617	-0.071603	114.547629	0.007902	4.2
1618	-0.200795	114.507643	0.008288	4.6
1619	-0.086605	114.467693	0.010441	4.3
1620	-0.230089	114.427781	0.004418	4.5
1621	-0.378324	114.387907	0.007449	3.9
1622	-0.321904	114.348069	0.005406	4.3
1623	-0.278812	114.308268	0.005447	4.3
1624	-0.414637	114.268504	0.006692	4.6
1625	-0.300501	114.228777	0.005595	4.4
1626	-0.022770	114.189086	0.004433	4.9
1627	-0.052782	114.149433	0.008843	4.5
1628	-0.211983	114.109816	0.005331	4.0
1629	-0.363575	114.070235	0.007448	4.1
1630	-0.041397	114.030692	0.004886	4.3
1631	-0.174585	113.991185	0.009677	4.1
1632	-0.317152	113.951714	0.006626	4.6
1633	-0.010141	113.912280	0.002631	4.6
1634	-0.193536	113.872882	0.008824	4.4
1635	-0.271941	113.833521	0.004718	4.5
1636	-0.325188	113.794195	0.004561	4.6
1637	-0.435156	113.754906	0.006571	4.7
1638	-0.081974	113.715653	0.010652	4.5
1639	-0.005173	113.676437	0.001249	4.3
1640	-0.034080	113.637256	0.002601	4.2
1641	-0.068556	113.598111	0.015586	4.1
1642	-0.177473	113.559002	0.011635	4.4
1643	-0.707658	113.519929	0.012685	5.5
1644	-0.032922	113.480892	0.006199	5.0
1645	-0.044798	113.441891	0.006687	4.5
1646	-0.014837	113.402925	0.001599	4.5
1647	-0.142298	113.363995	0.011816	4.3
1648	-0.153489	113.325101	0.005848	4.2
1649	-0.029098	113.286242	0.005554	4.0
1650	-0.327352	113.247419	0.012945	4.3
1651	-0.224010	113.208631	0.014068	4.3
1652	-0.032966	113.169879	0.006709	4.4
1653	-0.056820	113.131162	0.007544	4.0
1654	-0.303820	113.092480	0.005362	4.5
1655	-0.008988	113.053833	0.000922	4.3
1656	-0.195231	113.015222	0.012911	4.4
1657	-0.070451	112.976646	0.010095	4.6
1658	-0.335335	112.938105	0.004462	4.0
1659	-0.090847	112.899599	0.013087	4.4
1660	-0.017035	112.861128	0.001294	3.9
1661	-0.672945	112.822692	0.010988	4.6
1662	-0.613203	112.784291	0.009297	4.3
1663	-0.376851	112.745924	0.009482	4.7
1664	-0.012600	112.707593	0.005918	4.0
1665	-0.101722	112.669296	0.007651	4.5
1666	-0.067394	112.631034	0.004269	4.3
1667	-0.012941	112.592806	0.001811	4.7
1668	-0.065136	112.554613	0.009673	4.5
1669	-0.426227	112.516455	0.010333	4.5
1670	-0.324180	112.478331	0.007208	4.7
1671	-0.323407	112.440241	0.008044	4.3
1672	-0.047277	112.402186	0.008187	4.7
1673	-0.114248	112.364165	0.007944	4.2
1674	-0.520430	112.326179	0.007436	4.7
1675	-0.009216	112.288227	0.001939	4.0
1676	-0.215700	112.250309	0.013460	4.5
1677	-0.096187	112.212425	0.007939	5.0
1678	-0.223363	112.174575	0.005291	4.8
1679	-0.146176	112.136759	0.011231	4.4
1680	-0.102768	112.098977	0.010276	4.1
1681	-0.075114	112.061229	0.011559	4.7
1682	-0.062899	112.023515	0.012017	4.1
1683	-0.471742	111.985834	0.009458	4.7
1684	-0.544797	111.948188	0.007339	4.1
1685	-0.015769	111.910575	0.001312	4.6
1686	-0.447360	111.872996	0.006117	3.7
1687	-0.101054	111.835450	0.012189	4.5
1688	-0.084278	111.797939	0.006007	4.5
1689	-0.531994	111.760460	0.008366	4.7
1690	-0.286369	111.723015	0.008321	4.4
1691	-0.414686	111.685604	0.011048	4.3
1692	-0.085405	111.648226	0.004358	4.2
1693	-0.368930	111.610881	0.006231	4.3
1694	-0.019337	111.573570	0.001515	4.3
1695	-0.624401	111.536292	0.009974	4.7
1696	-0.047478	111.499047	0.007111	4.8
1697	-0.072418	111.461835	0.012826	3.9
1698	-0.481913	111.424656	0.008681	4.0
1699	-0.380523	111.387510	0.007522	4.9
1700	-0.082454	111.350398	0.015665	5.0
1701	-0.085710	111.313318	0.011198	4.1
1702	-0.482929	111.276271	0.010243	4.7
1703	-0.328465	111.239257	0.004356	5.8
1704	-0.047346	111.202276	0.008828	3.9
1705	-0.055824	111.165328	0.007639	3.9
1706	-0.218106	111.128412	0.010111	4.2
1707	-0.104594	111.091529	0.008276	4.9
1708	-0.073964	111.054679	0.004277	4.2
1709	-0.089106	111.017861	0.005025	4.7
1710	-0.040706	110.981076	0.005724	4.8
1711	-0.215452	110.944323	0.010813	4.9
1712	-0.533781	110.907603	0.007562	4.0
1713	-0.546991	110.870915	0.008491	4.1
1714	-0.597607	110.834259	0.009269	3.7
1715	-0.097219	110.797636	0.011104	4.6
1716	-0.389312	110.761045	0.006334	3.7
1717	-0.012861	110.724486	0.003546	4.4
1718	-0.056167	110.687959	0.005147	4.6
1719	-0.037822	110.651465	0.003489	4.3
1720	-0.315413	110.615002	0.007138	4.3
1721	-0.038401	110.578572	0.008917	4.4
1722	-0.151799	110.542173	0.004254	4.7
1723	-0.656375	110.505807	0.009226	4.1
1724	-0.058930	110.469472	0.009022	4.7
1725	-0.217638	110.433169	0.007873	4.6
1726	-0.090460	110.396898	0.010458	5.1
1727	-0.005199	110.360659	0.001652	3.9
1728	-0.144525	110.324451	0.007144	4.3
1729	-0.157111	110.288276	0.006269	4.3
1730	-0.491879	110.252131	0.009604	5.5
1731	-0.014807	110.216019	0.004253	4.5
1732	-0.012683	110.179937	0.004397	5.2
1733	-0.077956	110.143888	0.012675	5.3
1734	-0.039178	110.107869	0.005397	4.5
1735	-0.061317	110.071882	0.009523	4.5
1736	-0.360965	110.035927	0.015003	4.9
1737	-0.164387	110.000003	0.010258	4.1
1738	-0.225137	109.964110	0.005225	3.8
1739	-0.208194	109.928248	0.010829	4.1
1740	-0.005623	109.892417	0.001148	4.2
1741	-0.084525	109.856618	0.010139	4.3
1742	-0.109055	109.820850	0.007977	3.9
1743	-0.056041	109.785112	0.009043	4.3
1744	-0.010581	109.749406	0.002888	5.0
1745	-0.060577	109.713730	0.003856	4.5
1746	-0.079089	109.678086	0.011234	4.6
1747	-0.647069	109.642472	0.008437	4.0
1748	-0.124427	109.606890	0.005759	4.6
1749	-0.137928	109.571337	0.014637	3.8
1750	-0.027222	109.535816	0.006209	4.6
1751	-0.487706	109.500326	0.007184	4.4
1752	-0.012010	109.464866	0.003265	5.0
1753	-0.368835	109.429436	0.005906	4.3
1754	-0.538356	109.394038	0.008438	4.8
1755	-0.271353	109.358669	0.008470	5.7
1756	-0.242241	109.323331	0.006221	4.5
1757	-0.003603	109.288024	0.000914	4.8
1758	-0.554083	109.252747	0.009034	4.4
1759	-0.353609	109.217501	0.005170	4.9
1760	-0.014449	109.182284	0.003056	4.4
1761	-0.120855	109.147098	0.006558	4.6
1762	-0.029102	109.111942	0.003776	5.0
1763	-0.284109	109.076817	0.010408	4.0
1764	-0.062610	109.041721	0.007743	4.1
1765	-0.269286	109.006656	0.006080	4.7
1766	-0.107534	108.971620	0.013110	4.7
1767	-0.013694	108.936615	0.003282	4.0
1768	-0.054082	108.901640	0.007558	4.1
1769	-0.007628	108.866694	0.001352	4.1
1770	-0.225267	108.831779	0.005323	4.5
1771	-0.150978	108.796893	0.011985	4.3
1772	-0.032037	108.762037	0.001616	4.7
1773	-0.442624	108.727211	0.007160	4.4
1774	-0.339213	108.692415	0.003699	4.6
1775	-0.414595	108.657648	0.007717	3.9
1776	-0.474474	108.622911	0.007444	4.4
1777	-0.187297	108.588203	0.013554	4.7
1778	-0.007553	108.553525	0.001361	4.3
1779	-0.153238	108.518877	0.006121	4.6
1780	-0.174992	108.484258	0.010118	4.3
1781	-0.074475	108.449668	0.005718	5.0
1782	-0.334660	108.415108	0.006285	3.8
1783	-0.076414	108.380578	0.013234	4.4
1784	-0.416605	108.346076	0.008450	3.8
1785	-0.148358	108.311604	0.012166	4.6
1786	-0.102573	108.277161	0.007187	4.0
1787	-0.088024	108.242747	0.015237	4.4
1788	-0.102207	108.208363	0.004331	4.6
1789	-0.097556	108.174007	0.008034	4.1
1790	-0.281152	108.139681	0.004044	4.0
1791	-0.358677	108.105383	0.007560	4.6
1792	-0.002740	108.071115	0.001125	6.1
1793	-0.350684	108.036875	0.005716	3.9
1794	-0.160970	108.002665	0.009511	4.0
1795	-0.052238	107.968483	0.008346	3.8
1796	-0.128129	107.934330	0.009307	4.7
1797	-0.418407	107.900206	0.011915	3.9
1798	-0.202988	107.866111	0.006058	4.2
1799	-0.321820	107.832044	0.006857	4.8
1800	-0.084635	107.798007	0.005076	4.8
1801	-0.077727	107.763997	0.013889	4.0
1802	-0.018333	107.730017	0.005439	4.1
1803	-0.454662	107.696065	0.009748	3.8
1804	-0.478749	107.662141	0.008957	4.8
1805	-0.040324	107.628246	0.003520	4.2
1806	-0.067907	107.594379	0.010500	4.6
1807	-0.441148	107.560541	0.013017	6.6
1808	-0.109175	107.526731	0.008035	34.8
1809	-0.062358	107.492949	0.009572	5.4
1810	-0.201376	107.459196	0.005434	8.9
1811	-0.080417	107.425471	0.012750	6.9
1812	-0.658292	107.391774	0.012742	8.6
1813	-0.095181	107.358106	0.012553	4.3
1814	-0.433563	107.324465	0.009356	4.7
1815	-0.108221	107.290853	0.004197	4.4
1816	-0.621946	107.257268	0.006111	4.5
1817	-0.628244	107.223712	0.010295	3.9
1818	-0.046574	107.190184	0.002158	4.4
1819	-0.503907	107.156683	0.008911	4.8
1820	-0.673147	107.123211	0.010439	4.6
1821	-0.401539	107.089766	0.008646	3.9
1822	-0.026424	107.056349	0.001939	4.4
1823	-0.018621	107.022960	0.001687	4.9
1824	-0.083405	106.989599	0.013594	4.3
1825	-0.325055	106.956265	0.007534	4.7
1826	-0.113198	106.922960	0.008060	3.9
1827	-0.419279	106.889681	0.010105	4.5
1828	-0.254781	106.856431	0.007400	4.3
1829	-0.369172	106.823208	0.008620	4.5
1830	-0.026280	106.790012	0.002467	4.3
1831	-0.149489	106.756844	0.007710	5.0
1832	-0.003460	106.723703	0.001510	3.8
1833	-0.690981	106.690590	0.009315	4.3
1834	-0.085852	106.657505	0.011755	4.2
1835	-0.002246	106.624446	0.000736	4.6
1836	-0.040740	106.591415	0.004131	4.6
1837	-0.049538	106.558411	0.005311	4.2
1838	-0.452610	106.525435	0.004454	4.1
1839	-0.051132	106.492485	0.008233	4.0
1840	-0.037905	106.459563	0.005024	4.3
1841	-0.286539	106.426668	0.005329	4.4
1842	-0.003960	106.393800	0.001711	5.0
1843	-0.073117	106.360959	0.008433	4.2
1844	-0.616907	106.328145	0.009437	4.7
1845	-0.651293	106.295358	0.010301	4.8
1846	-0.014875	106.262598	0.001296	4.3
1847	-0.335893	106.229865	0.006840	3.9
1848	-0.004038	106.197158	0.001510	4.4
1849	-0.006765	106.164479	0.002761	4.9
1850	-0.084846	106.131826	0.007711	4.1
1851	-0.319661	106.099201	0.007655	4.2
1852	-0.087363	106.066602	0.007134	4.1
1853	-0.047940	106.034029	0.003465	4.6
1854	-0.137539	106.001483	0.003934	4.2
1855	-0.291428	105.968964	0.003624	4.6
1856	-0.133561	105.936472	0.014411	4.7
1857	-0.141245	105.904006	0.004372	4.4
1858	-0.017234	105.871566	0.002540	3.8
1859	-0.063728	105.839153	0.008744	4.2
1860	-0.172550	105.806767	0.010132	4.4
1861	-0.047420	105.774407	0.006040	4.6
1862	-0.013467	105.742073	0.002276	4.2
1863	-0.114906	105.709766	0.012956	4.4
1864	-0.034836	105.677485	0.005195	4.3
1865	-0.087205	105.645230	0.006191	4.4
1866	-0.075209	105.613001	0.013210	4.3
1867	-0.076857	105.580799	0.010856	4.5
1868	-0.236446	105.548623	0.007023	4.6
1869	-0.299083	105.516473	0.009274	3.8
1870	-0.075855	105.484349	0.010210	4.2
1871	-0.042181	105.452251	0.007618	4.8
1872	-0.421337	105.420179	0.007605	5.7
1873	-0.089615	105.388133	0.006111	4.0
1874	-0.039735	105.356113	0.008504	4.1
1875	-0.012124	105.324119	0.003557	3.7
1876	-0.477973	105.292151	0.005967	4.7
1877	-0.205306	105.260209	0.006530	4.1
1878	-0.055218	105.228293	0.005972	4.7
1879	-0.266115	105.196402	0.007553	4.4
1880	-0.109255	105.164537	0.014192	4.3
1881	-0.105547	105.132698	0.005515	4.3
1882	-0.164705	105.100885	0.016005	4.7
1883	-0.061641	105.069097	0.008409	5.2
1884	-0.300464	105.037335	0.005075	3.8
1885	-0.375875	105.005598	0.007615	4.1
1886	-0.543058	104.973887	0.008145	3.9
1887	-0.457443	104.942202	0.013025	5.0
1888	-0.102551	104.910542	0.009975	4.4
1889	-0.221844	104.878907	0.006007	4.4
1890	-0.039768	104.847298	0.001797	4.1
1891	-0.443799	104.815715	0.007163	4.3
1892	-0.380319	104.784156	0.009666	4.2
1893	-0.246276	104.752623	0.009282	4.6
1894	-0.118265	104.721116	0.004705	4.7
1895	-0.069665	104.689633	0.014539	4.2
1896	-0.359533	104.658176	0.006609	3.9
1897	-0.130493	104.626744	0.012930	4.0
1898	-0.450698	104.595337	0.009916	5.1
1899	-0.424418	104.563955	0.006616	4.6
1900	-0.126920	104.532599	0.005571	5.0
1901	-0.396479	104.501267	0.004937	5.0
1902	-0.102015	104.469960	0.011560	5.0
1903	-0.029082	104.438679	0.002990	4.6
1904	-0.023353	104.407422	0.001553	4.3
1905	-0.458392	104.376191	0.010269	5.0
1906	-0.101554	104.344984	0.011698	4.1
1907	-0.138607	104.313802	0.006899	4.6
1908	-0.057739	104.282645	0.008126	3.9
1909	-0.027239	104.251513	0.002639	4.8
1910	-0.070000	104.220405	0.008152	3.7
1911	-0.008324	104.189323	0.002409	4.6
1912	-0.552824	104.158265	0.009079	6.1
1913	-0.487408	104.127231	0.008489	6.3
1914	-0.062941	104.096222	0.008804	5.3
1915	-0.079005	104.065238	0.009884	6.0
1916	-0.048346	104.034279	0.009186	4.8
1917	-0.721741	104.003344	0.010728	4.9
1918	-0.062045	103.972433	0.002848	5.2
1919	-0.141688	103.941547	0.012047	4.6
1920	-0.391410	103.910686	0.014460	4.0
1921	-0.266304	103.879849	0.005120	4.5
1922	-0.254014	103.849036	0.006850	4.8
1923	-0.117738	103.818248	0.010568	4.2
1924	-0.024950	103.787484	0.002513	4.6
1925	-0.112160	103.756744	0.009651	4.1
1926	-0.181787	103.726029	0.005272	4.7
1927	-0.009985	103.695338	0.001576	3.8
1928	-0.155813	103.664671	0.010348	4.6
1929	-0.303551	103.634028	0.004226	5.0
1930	-0.400044	103.603409	0.005157	4.3
1931	-0.057740	103.572814	0.008881	4.3
1932	-0.367084	103.542244	0.009354	4.6
1933	-0.009213	103.511698	0.001880	5.6
1934	-0.478403	103.481175	0.006202	3.7
1935	-0.020205	103.450677	0.002267	4.2
1936	-0.282861	103.420202	0.004065	3.8
1937	-0.625457	103.389752	0.013302	5.2
1938	-0.381247	103.359325	0.008178	3.8
1939	-0.356774	103.328922	0.011472	4.4
1940	-0.409937	103.298543	0.006775	4.6
1941	-0.360084	103.268188	0.006192	5.5
1942	-0.353514	103.237857	0.009397	4.0
1943	-0.173420	103.207549	0.006952	4.3
1944	-0.014390	103.177265	0.004212	4.2
1945	-0.098284	103.147005	0.014054	4.7
1946	-0.144467	103.116768	0.003790	4.6
1947	-0.229330	103.086556	0.007122	4.1
1948	-0.102668	103.056366	0.006719	4.3
1949	-0.015523	103.026200	0.001787	4.0
1950	-0.017144	102.996058	0.004779	4.4
1951	-0.179329	102.965939	0.014408	4.4
1952	-0.111484	102.935844	0.005999	4.4
1953	-0.104921	102.905772	0.004169	3.9
1954	-0.297418	102.875724	0.004325	4.3
1955	-0.047891	102.845699	0.003928	4.4
1956	-0.034039	102.815697	0.003652	4.9
1957	-0.378421	102.785719	0.008506	4.4
1958	-0.013213	102.755764	0.002981	4.4
1959	-0.217737	102.725832	0.006408	4.9
1960	-0.030873	102.695924	0.004270	4.3
1961	-0.332550	102.666038	0.005915	4.6
1962	-0.070378	102.636176	0.015947	4.4
1963	-0.073091	102.606337	0.009464	4.7
1964	-0.043095	102.576521	0.010432	3.9
1965	-0.217040	102.546728	0.010429	4.1
1966	-0.060758	102.516959	0.012024	4.8
1967	-0.086802	102.487212	0.013525	5.1
1968	-0.006312	102.457488	0.001498	4.9
1969	-0.473157	102.427788	0.007054	4.6
1970	-0.632050	102.398110	0.010195	4.3
1971	-0.249502	102.368455	0.006853	4.2
1972	-0.367948	102.338823	0.008328	4.6
1973	-0.046910	102.309214	0.002417	4.5
1974	-0.197790	102.279628	0.011161	4.6
1975	-0.232537	102.250064	0.005719	3.8
1976	-0.178806	102.220524	0.005777	4.4
1977	-0.020611	102.191006	0.002532	4.9
1978	-0.025911	102.161511	0.002978	4.8
1979	-0.352654	102.132038	0.009910	4.3
1980	-0.085873	102.102588	0.005618	4.2
1981	-0.042084	102.073161	0.004485	4.3
1982	-0.555122	102.043757	0.009736	4.2
1983	-0.188115	102.014375	0.008005	4.4
1984	-0.233264	101.985015	0.009382	4.4
1985	-0.443131	101.955678	0.010533	4.8
1986	-0.507543	101.926364	0.007853	4.1
1987	-0.129717	101.897072	0.007450	4.5
1988	-0.412189	101.867802	0.005131	5.6
1989	-0.485174	101.838555	0.007079	5.5
1990	-0.090134	101.809330	0.008716	4.1
1991	-0.413328	101.780128	0.007141	4.2
1992	-0.164885	101.750948	0.005578	4.7
1993	-0.353333	101.721790	0.007684	3.7
1994	-0.697560	101.692654	0.010122	3.9
1995	-0.335319	101.663541	0.004836	4.3
1996	-0.132371	101.634450	0.009359	4.5
1997	-0.485322	101.605381	0.010458	4.0
1998	-0.066820	101.576335	0.003279	4.1
1999	-0.025898	101.547310	0.006261	4.9
